121.8	0	0	0
124.6	0	0	1
119.7	-1.21244	0	0
122.5	-1.21244	0	1
117.6	-2.42487	0	0
120.4	-2.42487	0	1
115.5	-3.63731	0	0
118.3	-3.63731	0	1
113.4	-4.84974	0	0
116.2	-4.84974	0	1
111.3	-6.06218	0	0
114.1	-6.06218	0	1
109.2	-7.27461	0	0
112	-7.27461	0	1
107.1	-8.48705	0	0
109.9	-8.48705	0	1
105	-9.69948	0	0
107.8	-9.69948	0	1
102.9	-10.9119	0	0
105.7	-10.9119	0	1
100.8	-12.1244	0	0
103.6	-12.1244	0	1
98.7	-13.3368	0	0
101.5	-13.3368	0	1
96.6	-14.5492	0	0
99.4	-14.5492	0	1
94.5	-15.7617	0	0
97.3	-15.7617	0	1
92.4	-16.9741	0	0
95.2	-16.9741	0	1
90.3	-18.1865	0	0
93.1	-18.1865	0	1
88.2	-19.399	0	0
91	-19.399	0	1
86.1	-20.6114	0	0
88.9	-20.6114	0	1
84	-21.8238	0	0
86.8	-21.8238	0	1
81.9	-23.0363	0	0
84.7	-23.0363	0	1
79.8	-24.2487	0	0
82.6	-24.2487	0	1
77.7	-25.4611	0	0
80.5	-25.4611	0	1
75.6	-26.6736	0	0
78.4	-26.6736	0	1
73.5	-27.886	0	0
76.3	-27.886	0	1
71.4	-29.0985	0	0
74.2	-29.0985	0	1
69.3	-30.3109	0	0
72.1	-30.3109	0	1
67.2	-31.5233	0	0
70	-31.5233	0	1
65.1	-32.7358	0	0
67.9	-32.7358	0	1
63	-33.9482	0	0
65.8	-33.9482	0	1
60.9	-35.1606	0	0
63.7	-35.1606	0	1
119.7	1.21244	0	0
122.5	1.21244	0	1
117.6	0	0	0
120.4	0	0	1
115.5	-1.21244	0	0
118.3	-1.21244	0	1
113.4	-2.42487	0	0
116.2	-2.42487	0	1
111.3	-3.63731	0	0
114.1	-3.63731	0	1
109.2	-4.84974	0	0
112	-4.84974	0	1
107.1	-6.06218	0	0
109.9	-6.06218	0	1
105	-7.27461	0	0
107.8	-7.27461	0	1
102.9	-8.48705	0	0
105.7	-8.48705	0	1
100.8	-9.69948	0	0
103.6	-9.69948	0	1
98.7	-10.9119	0	0
101.5	-10.9119	0	1
96.6	-12.1244	0	0
99.4	-12.1244	0	1
94.5	-13.3368	0	0
97.3	-13.3368	0	1
92.4	-14.5492	0	0
95.2	-14.5492	0	1
90.3	-15.7617	0	0
93.1	-15.7617	0	1
88.2	-16.9741	0	0
91	-16.9741	0	1
86.1	-18.1865	0	0
88.9	-18.1865	0	1
84	-19.399	0	0
86.8	-19.399	0	1
81.9	-20.6114	0	0
84.7	-20.6114	0	1
79.8	-21.8238	0	0
82.6	-21.8238	0	1
77.7	-23.0363	0	0
80.5	-23.0363	0	1
75.6	-24.2487	0	0
78.4	-24.2487	0	1
73.5	-25.4611	0	0
76.3	-25.4611	0	1
71.4	-26.6736	0	0
74.2	-26.6736	0	1
69.3	-27.886	0	0
72.1	-27.886	0	1
67.2	-29.0985	0	0
70	-29.0985	0	1
65.1	-30.3109	0	0
67.9	-30.3109	0	1
63	-31.5233	0	0
65.8	-31.5233	0	1
60.9	-32.7358	0	0
63.7	-32.7358	0	1
58.8	-33.9482	0	0
61.6	-33.9482	0	1
117.6	2.42487	0	0
120.4	2.42487	0	1
115.5	1.21244	0	0
118.3	1.21244	0	1
113.4	0	0	0
116.2	0	0	1
111.3	-1.21244	0	0
114.1	-1.21244	0	1
109.2	-2.42487	0	0
112	-2.42487	0	1
107.1	-3.63731	0	0
109.9	-3.63731	0	1
105	-4.84974	0	0
107.8	-4.84974	0	1
102.9	-6.06218	0	0
105.7	-6.06218	0	1
100.8	-7.27461	0	0
103.6	-7.27461	0	1
98.7	-8.48705	0	0
101.5	-8.48705	0	1
96.6	-9.69948	0	0
99.4	-9.69948	0	1
94.5	-10.9119	0	0
97.3	-10.9119	0	1
92.4	-12.1244	0	0
95.2	-12.1244	0	1
90.3	-13.3368	0	0
93.1	-13.3368	0	1
88.2	-14.5492	0	0
91	-14.5492	0	1
86.1	-15.7617	0	0
88.9	-15.7617	0	1
84	-16.9741	0	0
86.8	-16.9741	0	1
81.9	-18.1865	0	0
84.7	-18.1865	0	1
79.8	-19.399	0	0
82.6	-19.399	0	1
77.7	-20.6114	0	0
80.5	-20.6114	0	1
75.6	-21.8238	0	0
78.4	-21.8238	0	1
73.5	-23.0363	0	0
76.3	-23.0363	0	1
71.4	-24.2487	0	0
74.2	-24.2487	0	1
69.3	-25.4611	0	0
72.1	-25.4611	0	1
67.2	-26.6736	0	0
70	-26.6736	0	1
65.1	-27.886	0	0
67.9	-27.886	0	1
63	-29.0985	0	0
65.8	-29.0985	0	1
60.9	-30.3109	0	0
63.7	-30.3109	0	1
58.8	-31.5233	0	0
61.6	-31.5233	0	1
56.7	-32.7358	0	0
59.5	-32.7358	0	1
115.5	3.63731	0	0
118.3	3.63731	0	1
113.4	2.42487	0	0
116.2	2.42487	0	1
111.3	1.21244	0	0
114.1	1.21244	0	1
109.2	0	0	0
112	0	0	1
107.1	-1.21244	0	0
109.9	-1.21244	0	1
105	-2.42487	0	0
107.8	-2.42487	0	1
102.9	-3.63731	0	0
105.7	-3.63731	0	1
100.8	-4.84974	0	0
103.6	-4.84974	0	1
98.7	-6.06218	0	0
101.5	-6.06218	0	1
96.6	-7.27461	0	0
99.4	-7.27461	0	1
94.5	-8.48705	0	0
97.3	-8.48705	0	1
92.4	-9.69948	0	0
95.2	-9.69948	0	1
90.3	-10.9119	0	0
93.1	-10.9119	0	1
88.2	-12.1244	0	0
91	-12.1244	0	1
86.1	-13.3368	0	0
88.9	-13.3368	0	1
84	-14.5492	0	0
86.8	-14.5492	0	1
81.9	-15.7617	0	0
84.7	-15.7617	0	1
79.8	-16.9741	0	0
82.6	-16.9741	0	1
77.7	-18.1865	0	0
80.5	-18.1865	0	1
75.6	-19.399	0	0
78.4	-19.399	0	1
73.5	-20.6114	0	0
76.3	-20.6114	0	1
71.4	-21.8238	0	0
74.2	-21.8238	0	1
69.3	-23.0363	0	0
72.1	-23.0363	0	1
67.2	-24.2487	0	0
70	-24.2487	0	1
65.1	-25.4611	0	0
67.9	-25.4611	0	1
63	-26.6736	0	0
65.8	-26.6736	0	1
60.9	-27.886	0	0
63.7	-27.886	0	1
58.8	-29.0985	0	0
61.6	-29.0985	0	1
56.7	-30.3109	0	0
59.5	-30.3109	0	1
54.6	-31.5233	0	0
57.4	-31.5233	0	1
113.4	4.84974	0	0
116.2	4.84974	0	1
111.3	3.63731	0	0
114.1	3.63731	0	1
109.2	2.42487	0	0
112	2.42487	0	1
107.1	1.21244	0	0
109.9	1.21244	0	1
105	0	0	0
107.8	0	0	1
102.9	-1.21244	0	0
105.7	-1.21244	0	1
100.8	-2.42487	0	0
103.6	-2.42487	0	1
98.7	-3.63731	0	0
101.5	-3.63731	0	1
96.6	-4.84974	0	0
99.4	-4.84974	0	1
94.5	-6.06218	0	0
97.3	-6.06218	0	1
92.4	-7.27461	0	0
95.2	-7.27461	0	1
90.3	-8.48705	0	0
93.1	-8.48705	0	1
88.2	-9.69948	0	0
91	-9.69948	0	1
86.1	-10.9119	0	0
88.9	-10.9119	0	1
84	-12.1244	0	0
86.8	-12.1244	0	1
81.9	-13.3368	0	0
84.7	-13.3368	0	1
79.8	-14.5492	0	0
82.6	-14.5492	0	1
77.7	-15.7617	0	0
80.5	-15.7617	0	1
75.6	-16.9741	0	0
78.4	-16.9741	0	1
73.5	-18.1865	0	0
76.3	-18.1865	0	1
71.4	-19.399	0	0
74.2	-19.399	0	1
69.3	-20.6114	0	0
72.1	-20.6114	0	1
67.2	-21.8238	0	0
70	-21.8238	0	1
65.1	-23.0363	0	0
67.9	-23.0363	0	1
63	-24.2487	0	0
65.8	-24.2487	0	1
60.9	-25.4611	0	0
63.7	-25.4611	0	1
58.8	-26.6736	0	0
61.6	-26.6736	0	1
56.7	-27.886	0	0
59.5	-27.886	0	1
54.6	-29.0985	0	0
57.4	-29.0985	0	1
52.5	-30.3109	0	0
55.3	-30.3109	0	1
111.3	6.06218	0	0
114.1	6.06218	0	1
109.2	4.84974	0	0
112	4.84974	0	1
107.1	3.63731	0	0
109.9	3.63731	0	1
105	2.42487	0	0
107.8	2.42487	0	1
102.9	1.21244	0	0
105.7	1.21244	0	1
100.8	0	0	0
103.6	0	0	1
98.7	-1.21244	0	0
101.5	-1.21244	0	1
96.6	-2.42487	0	0
99.4	-2.42487	0	1
94.5	-3.63731	0	0
97.3	-3.63731	0	1
92.4	-4.84974	0	0
95.2	-4.84974	0	1
90.3	-6.06218	0	0
93.1	-6.06218	0	1
88.2	-7.27461	0	0
91	-7.27461	0	1
86.1	-8.48705	0	0
88.9	-8.48705	0	1
84	-9.69948	0	0
86.8	-9.69948	0	1
81.9	-10.9119	0	0
84.7	-10.9119	0	1
79.8	-12.1244	0	0
82.6	-12.1244	0	1
77.7	-13.3368	0	0
80.5	-13.3368	0	1
75.6	-14.5492	0	0
78.4	-14.5492	0	1
73.5	-15.7617	0	0
76.3	-15.7617	0	1
71.4	-16.9741	0	0
74.2	-16.9741	0	1
69.3	-18.1865	0	0
72.1	-18.1865	0	1
67.2	-19.399	0	0
70	-19.399	0	1
65.1	-20.6114	0	0
67.9	-20.6114	0	1
63	-21.8238	0	0
65.8	-21.8238	0	1
60.9	-23.0363	0	0
63.7	-23.0363	0	1
58.8	-24.2487	0	0
61.6	-24.2487	0	1
56.7	-25.4611	0	0
59.5	-25.4611	0	1
54.6	-26.6736	0	0
57.4	-26.6736	0	1
52.5	-27.886	0	0
55.3	-27.886	0	1
50.4	-29.0985	0	0
53.2	-29.0985	0	1
109.2	7.27461	0	0
112	7.27461	0	1
107.1	6.06218	0	0
109.9	6.06218	0	1
105	4.84974	0	0
107.8	4.84974	0	1
102.9	3.63731	0	0
105.7	3.63731	0	1
100.8	2.42487	0	0
103.6	2.42487	0	1
98.7	1.21244	0	0
101.5	1.21244	0	1
96.6	0	0	0
99.4	0	0	1
94.5	-1.21244	0	0
97.3	-1.21244	0	1
92.4	-2.42487	0	0
95.2	-2.42487	0	1
90.3	-3.63731	0	0
93.1	-3.63731	0	1
88.2	-4.84974	0	0
91	-4.84974	0	1
86.1	-6.06218	0	0
88.9	-6.06218	0	1
84	-7.27461	0	0
86.8	-7.27461	0	1
81.9	-8.48705	0	0
84.7	-8.48705	0	1
79.8	-9.69948	0	0
82.6	-9.69948	0	1
77.7	-10.9119	0	0
80.5	-10.9119	0	1
75.6	-12.1244	0	0
78.4	-12.1244	0	1
73.5	-13.3368	0	0
76.3	-13.3368	0	1
71.4	-14.5492	0	0
74.2	-14.5492	0	1
69.3	-15.7617	0	0
72.1	-15.7617	0	1
67.2	-16.9741	0	0
70	-16.9741	0	1
65.1	-18.1865	0	0
67.9	-18.1865	0	1
63	-19.399	0	0
65.8	-19.399	0	1
60.9	-20.6114	0	0
63.7	-20.6114	0	1
58.8	-21.8238	0	0
61.6	-21.8238	0	1
56.7	-23.0363	0	0
59.5	-23.0363	0	1
54.6	-24.2487	0	0
57.4	-24.2487	0	1
52.5	-25.4611	0	0
55.3	-25.4611	0	1
50.4	-26.6736	0	0
53.2	-26.6736	0	1
48.3	-27.886	0	0
51.1	-27.886	0	1
107.1	8.48705	0	0
109.9	8.48705	0	1
105	7.27461	0	0
107.8	7.27461	0	1
102.9	6.06218	0	0
105.7	6.06218	0	1
100.8	4.84974	0	0
103.6	4.84974	0	1
98.7	3.63731	0	0
101.5	3.63731	0	1
96.6	2.42487	0	0
99.4	2.42487	0	1
94.5	1.21244	0	0
97.3	1.21244	0	1
92.4	0	0	0
95.2	0	0	1
90.3	-1.21244	0	0
93.1	-1.21244	0	1
88.2	-2.42487	0	0
91	-2.42487	0	1
86.1	-3.63731	0	0
88.9	-3.63731	0	1
84	-4.84974	0	0
86.8	-4.84974	0	1
81.9	-6.06218	0	0
84.7	-6.06218	0	1
79.8	-7.27461	0	0
82.6	-7.27461	0	1
77.7	-8.48705	0	0
80.5	-8.48705	0	1
75.6	-9.69948	0	0
78.4	-9.69948	0	1
73.5	-10.9119	0	0
76.3	-10.9119	0	1
71.4	-12.1244	0	0
74.2	-12.1244	0	1
69.3	-13.3368	0	0
72.1	-13.3368	0	1
67.2	-14.5492	0	0
70	-14.5492	0	1
65.1	-15.7617	0	0
67.9	-15.7617	0	1
63	-16.9741	0	0
65.8	-16.9741	0	1
60.9	-18.1865	0	0
63.7	-18.1865	0	1
58.8	-19.399	0	0
61.6	-19.399	0	1
56.7	-20.6114	0	0
59.5	-20.6114	0	1
54.6	-21.8238	0	0
57.4	-21.8238	0	1
52.5	-23.0363	0	0
55.3	-23.0363	0	1
50.4	-24.2487	0	0
53.2	-24.2487	0	1
48.3	-25.4611	0	0
51.1	-25.4611	0	1
46.2	-26.6736	0	0
49	-26.6736	0	1
105	9.69948	0	0
107.8	9.69948	0	1
102.9	8.48705	0	0
105.7	8.48705	0	1
100.8	7.27461	0	0
103.6	7.27461	0	1
98.7	6.06218	0	0
101.5	6.06218	0	1
96.6	4.84974	0	0
99.4	4.84974	0	1
94.5	3.63731	0	0
97.3	3.63731	0	1
92.4	2.42487	0	0
95.2	2.42487	0	1
90.3	1.21244	0	0
93.1	1.21244	0	1
88.2	0	0	0
91	0	0	1
86.1	-1.21244	0	0
88.9	-1.21244	0	1
84	-2.42487	0	0
86.8	-2.42487	0	1
81.9	-3.63731	0	0
84.7	-3.63731	0	1
79.8	-4.84974	0	0
82.6	-4.84974	0	1
77.7	-6.06218	0	0
80.5	-6.06218	0	1
75.6	-7.27461	0	0
78.4	-7.27461	0	1
73.5	-8.48705	0	0
76.3	-8.48705	0	1
71.4	-9.69948	0	0
74.2	-9.69948	0	1
69.3	-10.9119	0	0
72.1	-10.9119	0	1
67.2	-12.1244	0	0
70	-12.1244	0	1
65.1	-13.3368	0	0
67.9	-13.3368	0	1
63	-14.5492	0	0
65.8	-14.5492	0	1
60.9	-15.7617	0	0
63.7	-15.7617	0	1
58.8	-16.9741	0	0
61.6	-16.9741	0	1
56.7	-18.1865	0	0
59.5	-18.1865	0	1
54.6	-19.399	0	0
57.4	-19.399	0	1
52.5	-20.6114	0	0
55.3	-20.6114	0	1
50.4	-21.8238	0	0
53.2	-21.8238	0	1
48.3	-23.0363	0	0
51.1	-23.0363	0	1
46.2	-24.2487	0	0
49	-24.2487	0	1
44.1	-25.4611	0	0
46.9	-25.4611	0	1
102.9	10.9119	0	0
105.7	10.9119	0	1
100.8	9.69948	0	0
103.6	9.69948	0	1
98.7	8.48705	0	0
101.5	8.48705	0	1
96.6	7.27461	0	0
99.4	7.27461	0	1
94.5	6.06218	0	0
97.3	6.06218	0	1
92.4	4.84974	0	0
95.2	4.84974	0	1
90.3	3.63731	0	0
93.1	3.63731	0	1
88.2	2.42487	0	0
91	2.42487	0	1
86.1	1.21244	0	0
88.9	1.21244	0	1
84	0	0	0
86.8	0	0	1
81.9	-1.21244	0	0
84.7	-1.21244	0	1
79.8	-2.42487	0	0
82.6	-2.42487	0	1
77.7	-3.63731	0	0
80.5	-3.63731	0	1
75.6	-4.84974	0	0
78.4	-4.84974	0	1
73.5	-6.06218	0	0
76.3	-6.06218	0	1
71.4	-7.27461	0	0
74.2	-7.27461	0	1
69.3	-8.48705	0	0
72.1	-8.48705	0	1
67.2	-9.69948	0	0
70	-9.69948	0	1
65.1	-10.9119	0	0
67.9	-10.9119	0	1
63	-12.1244	0	0
65.8	-12.1244	0	1
60.9	-13.3368	0	0
63.7	-13.3368	0	1
58.8	-14.5492	0	0
61.6	-14.5492	0	1
56.7	-15.7617	0	0
59.5	-15.7617	0	1
54.6	-16.9741	0	0
57.4	-16.9741	0	1
52.5	-18.1865	0	0
55.3	-18.1865	0	1
50.4	-19.399	0	0
53.2	-19.399	0	1
48.3	-20.6114	0	0
51.1	-20.6114	0	1
46.2	-21.8238	0	0
49	-21.8238	0	1
44.1	-23.0363	0	0
46.9	-23.0363	0	1
42	-24.2487	0	0
44.8	-24.2487	0	1
100.8	12.1244	0	0
103.6	12.1244	0	1
98.7	10.9119	0	0
101.5	10.9119	0	1
96.6	9.69948	0	0
99.4	9.69948	0	1
94.5	8.48705	0	0
97.3	8.48705	0	1
92.4	7.27461	0	0
95.2	7.27461	0	1
90.3	6.06218	0	0
93.1	6.06218	0	1
88.2	4.84974	0	0
91	4.84974	0	1
86.1	3.63731	0	0
88.9	3.63731	0	1
84	2.42487	0	0
86.8	2.42487	0	1
81.9	1.21244	0	0
84.7	1.21244	0	1
79.8	0	0	0
82.6	0	0	1
77.7	-1.21244	0	0
80.5	-1.21244	0	1
75.6	-2.42487	0	0
78.4	-2.42487	0	1
73.5	-3.63731	0	0
76.3	-3.63731	0	1
71.4	-4.84974	0	0
74.2	-4.84974	0	1
69.3	-6.06218	0	0
72.1	-6.06218	0	1
67.2	-7.27461	0	0
70	-7.27461	0	1
65.1	-8.48705	0	0
67.9	-8.48705	0	1
63	-9.69948	0	0
65.8	-9.69948	0	1
60.9	-10.9119	0	0
63.7	-10.9119	0	1
58.8	-12.1244	0	0
61.6	-12.1244	0	1
56.7	-13.3368	0	0
59.5	-13.3368	0	1
54.6	-14.5492	0	0
57.4	-14.5492	0	1
52.5	-15.7617	0	0
55.3	-15.7617	0	1
50.4	-16.9741	0	0
53.2	-16.9741	0	1
48.3	-18.1865	0	0
51.1	-18.1865	0	1
46.2	-19.399	0	0
49	-19.399	0	1
44.1	-20.6114	0	0
46.9	-20.6114	0	1
42	-21.8238	0	0
44.8	-21.8238	0	1
39.9	-23.0363	0	0
42.7	-23.0363	0	1
98.7	13.3368	0	0
101.5	13.3368	0	1
96.6	12.1244	0	0
99.4	12.1244	0	1
94.5	10.9119	0	0
97.3	10.9119	0	1
92.4	9.69948	0	0
95.2	9.69948	0	1
90.3	8.48705	0	0
93.1	8.48705	0	1
88.2	7.27461	0	0
91	7.27461	0	1
86.1	6.06218	0	0
88.9	6.06218	0	1
84	4.84974	0	0
86.8	4.84974	0	1
81.9	3.63731	0	0
84.7	3.63731	0	1
79.8	2.42487	0	0
82.6	2.42487	0	1
77.7	1.21244	0	0
80.5	1.21244	0	1
75.6	0	0	0
78.4	0	0	1
73.5	-1.21244	0	0
76.3	-1.21244	0	1
71.4	-2.42487	0	0
74.2	-2.42487	0	1
69.3	-3.63731	0	0
72.1	-3.63731	0	1
67.2	-4.84974	0	0
70	-4.84974	0	1
65.1	-6.06218	0	0
67.9	-6.06218	0	1
63	-7.27461	0	0
65.8	-7.27461	0	1
60.9	-8.48705	0	0
63.7	-8.48705	0	1
58.8	-9.69948	0	0
61.6	-9.69948	0	1
56.7	-10.9119	0	0
59.5	-10.9119	0	1
54.6	-12.1244	0	0
57.4	-12.1244	0	1
52.5	-13.3368	0	0
55.3	-13.3368	0	1
50.4	-14.5492	0	0
53.2	-14.5492	0	1
48.3	-15.7617	0	0
51.1	-15.7617	0	1
46.2	-16.9741	0	0
49	-16.9741	0	1
44.1	-18.1865	0	0
46.9	-18.1865	0	1
42	-19.399	0	0
44.8	-19.399	0	1
39.9	-20.6114	0	0
42.7	-20.6114	0	1
37.8	-21.8238	0	0
40.6	-21.8238	0	1
96.6	14.5492	0	0
99.4	14.5492	0	1
94.5	13.3368	0	0
97.3	13.3368	0	1
92.4	12.1244	0	0
95.2	12.1244	0	1
90.3	10.9119	0	0
93.1	10.9119	0	1
88.2	9.69948	0	0
91	9.69948	0	1
86.1	8.48705	0	0
88.9	8.48705	0	1
84	7.27461	0	0
86.8	7.27461	0	1
81.9	6.06218	0	0
84.7	6.06218	0	1
79.8	4.84974	0	0
82.6	4.84974	0	1
77.7	3.63731	0	0
80.5	3.63731	0	1
75.6	2.42487	0	0
78.4	2.42487	0	1
73.5	1.21244	0	0
76.3	1.21244	0	1
71.4	0	0	0
74.2	0	0	1
69.3	-1.21244	0	0
72.1	-1.21244	0	1
67.2	-2.42487	0	0
70	-2.42487	0	1
65.1	-3.63731	0	0
67.9	-3.63731	0	1
63	-4.84974	0	0
65.8	-4.84974	0	1
60.9	-6.06218	0	0
63.7	-6.06218	0	1
58.8	-7.27461	0	0
61.6	-7.27461	0	1
56.7	-8.48705	0	0
59.5	-8.48705	0	1
54.6	-9.69948	0	0
57.4	-9.69948	0	1
52.5	-10.9119	0	0
55.3	-10.9119	0	1
50.4	-12.1244	0	0
53.2	-12.1244	0	1
48.3	-13.3368	0	0
51.1	-13.3368	0	1
46.2	-14.5492	0	0
49	-14.5492	0	1
44.1	-15.7617	0	0
46.9	-15.7617	0	1
42	-16.9741	0	0
44.8	-16.9741	0	1
39.9	-18.1865	0	0
42.7	-18.1865	0	1
37.8	-19.399	0	0
40.6	-19.399	0	1
35.7	-20.6114	0	0
38.5	-20.6114	0	1
94.5	15.7617	0	0
97.3	15.7617	0	1
92.4	14.5492	0	0
95.2	14.5492	0	1
90.3	13.3368	0	0
93.1	13.3368	0	1
88.2	12.1244	0	0
91	12.1244	0	1
86.1	10.9119	0	0
88.9	10.9119	0	1
84	9.69948	0	0
86.8	9.69948	0	1
81.9	8.48705	0	0
84.7	8.48705	0	1
79.8	7.27461	0	0
82.6	7.27461	0	1
77.7	6.06218	0	0
80.5	6.06218	0	1
75.6	4.84974	0	0
78.4	4.84974	0	1
73.5	3.63731	0	0
76.3	3.63731	0	1
71.4	2.42487	0	0
74.2	2.42487	0	1
69.3	1.21244	0	0
72.1	1.21244	0	1
67.2	0	0	0
70	0	0	1
65.1	-1.21244	0	0
67.9	-1.21244	0	1
63	-2.42487	0	0
65.8	-2.42487	0	1
60.9	-3.63731	0	0
63.7	-3.63731	0	1
58.8	-4.84974	0	0
61.6	-4.84974	0	1
56.7	-6.06218	0	0
59.5	-6.06218	0	1
54.6	-7.27461	0	0
57.4	-7.27461	0	1
52.5	-8.48705	0	0
55.3	-8.48705	0	1
50.4	-9.69948	0	0
53.2	-9.69948	0	1
48.3	-10.9119	0	0
51.1	-10.9119	0	1
46.2	-12.1244	0	0
49	-12.1244	0	1
44.1	-13.3368	0	0
46.9	-13.3368	0	1
42	-14.5492	0	0
44.8	-14.5492	0	1
39.9	-15.7617	0	0
42.7	-15.7617	0	1
37.8	-16.9741	0	0
40.6	-16.9741	0	1
35.7	-18.1865	0	0
38.5	-18.1865	0	1
33.6	-19.399	0	0
36.4	-19.399	0	1
92.4	16.9741	0	0
95.2	16.9741	0	1
90.3	15.7617	0	0
93.1	15.7617	0	1
88.2	14.5492	0	0
91	14.5492	0	1
86.1	13.3368	0	0
88.9	13.3368	0	1
84	12.1244	0	0
86.8	12.1244	0	1
81.9	10.9119	0	0
84.7	10.9119	0	1
79.8	9.69948	0	0
82.6	9.69948	0	1
77.7	8.48705	0	0
80.5	8.48705	0	1
75.6	7.27461	0	0
78.4	7.27461	0	1
73.5	6.06218	0	0
76.3	6.06218	0	1
71.4	4.84974	0	0
74.2	4.84974	0	1
69.3	3.63731	0	0
72.1	3.63731	0	1
67.2	2.42487	0	0
70	2.42487	0	1
65.1	1.21244	0	0
67.9	1.21244	0	1
63	0	0	0
65.8	0	0	1
60.9	-1.21244	0	0
63.7	-1.21244	0	1
58.8	-2.42487	0	0
61.6	-2.42487	0	1
56.7	-3.63731	0	0
59.5	-3.63731	0	1
54.6	-4.84974	0	0
57.4	-4.84974	0	1
52.5	-6.06218	0	0
55.3	-6.06218	0	1
50.4	-7.27461	0	0
53.2	-7.27461	0	1
48.3	-8.48705	0	0
51.1	-8.48705	0	1
46.2	-9.69948	0	0
49	-9.69948	0	1
44.1	-10.9119	0	0
46.9	-10.9119	0	1
42	-12.1244	0	0
44.8	-12.1244	0	1
39.9	-13.3368	0	0
42.7	-13.3368	0	1
37.8	-14.5492	0	0
40.6	-14.5492	0	1
35.7	-15.7617	0	0
38.5	-15.7617	0	1
33.6	-16.9741	0	0
36.4	-16.9741	0	1
31.5	-18.1865	0	0
34.3	-18.1865	0	1
90.3	18.1865	0	0
93.1	18.1865	0	1
88.2	16.9741	0	0
91	16.9741	0	1
86.1	15.7617	0	0
88.9	15.7617	0	1
84	14.5492	0	0
86.8	14.5492	0	1
81.9	13.3368	0	0
84.7	13.3368	0	1
79.8	12.1244	0	0
82.6	12.1244	0	1
77.7	10.9119	0	0
80.5	10.9119	0	1
75.6	9.69948	0	0
78.4	9.69948	0	1
73.5	8.48705	0	0
76.3	8.48705	0	1
71.4	7.27461	0	0
74.2	7.27461	0	1
69.3	6.06218	0	0
72.1	6.06218	0	1
67.2	4.84974	0	0
70	4.84974	0	1
65.1	3.63731	0	0
67.9	3.63731	0	1
63	2.42487	0	0
65.8	2.42487	0	1
60.9	1.21244	0	0
63.7	1.21244	0	1
58.8	0	0	0
61.6	0	0	1
56.7	-1.21244	0	0
59.5	-1.21244	0	1
54.6	-2.42487	0	0
57.4	-2.42487	0	1
52.5	-3.63731	0	0
55.3	-3.63731	0	1
50.4	-4.84974	0	0
53.2	-4.84974	0	1
48.3	-6.06218	0	0
51.1	-6.06218	0	1
46.2	-7.27461	0	0
49	-7.27461	0	1
44.1	-8.48705	0	0
46.9	-8.48705	0	1
42	-9.69948	0	0
44.8	-9.69948	0	1
39.9	-10.9119	0	0
42.7	-10.9119	0	1
37.8	-12.1244	0	0
40.6	-12.1244	0	1
35.7	-13.3368	0	0
38.5	-13.3368	0	1
33.6	-14.5492	0	0
36.4	-14.5492	0	1
31.5	-15.7617	0	0
34.3	-15.7617	0	1
29.4	-16.9741	0	0
32.2	-16.9741	0	1
88.2	19.399	0	0
91	19.399	0	1
86.1	18.1865	0	0
88.9	18.1865	0	1
84	16.9741	0	0
86.8	16.9741	0	1
81.9	15.7617	0	0
84.7	15.7617	0	1
79.8	14.5492	0	0
82.6	14.5492	0	1
77.7	13.3368	0	0
80.5	13.3368	0	1
75.6	12.1244	0	0
78.4	12.1244	0	1
73.5	10.9119	0	0
76.3	10.9119	0	1
71.4	9.69948	0	0
74.2	9.69948	0	1
69.3	8.48705	0	0
72.1	8.48705	0	1
67.2	7.27461	0	0
70	7.27461	0	1
65.1	6.06218	0	0
67.9	6.06218	0	1
63	4.84974	0	0
65.8	4.84974	0	1
60.9	3.63731	0	0
63.7	3.63731	0	1
58.8	2.42487	0	0
61.6	2.42487	0	1
56.7	1.21244	0	0
59.5	1.21244	0	1
54.6	0	0	0
57.4	0	0	1
52.5	-1.21244	0	0
55.3	-1.21244	0	1
50.4	-2.42487	0	0
53.2	-2.42487	0	1
48.3	-3.63731	0	0
51.1	-3.63731	0	1
46.2	-4.84974	0	0
49	-4.84974	0	1
44.1	-6.06218	0	0
46.9	-6.06218	0	1
42	-7.27461	0	0
44.8	-7.27461	0	1
39.9	-8.48705	0	0
42.7	-8.48705	0	1
37.8	-9.69948	0	0
40.6	-9.69948	0	1
35.7	-10.9119	0	0
38.5	-10.9119	0	1
33.6	-12.1244	0	0
36.4	-12.1244	0	1
31.5	-13.3368	0	0
34.3	-13.3368	0	1
29.4	-14.5492	0	0
32.2	-14.5492	0	1
27.3	-15.7617	0	0
30.1	-15.7617	0	1
86.1	20.6114	0	0
88.9	20.6114	0	1
84	19.399	0	0
86.8	19.399	0	1
81.9	18.1865	0	0
84.7	18.1865	0	1
79.8	16.9741	0	0
82.6	16.9741	0	1
77.7	15.7617	0	0
80.5	15.7617	0	1
75.6	14.5492	0	0
78.4	14.5492	0	1
73.5	13.3368	0	0
76.3	13.3368	0	1
71.4	12.1244	0	0
74.2	12.1244	0	1
69.3	10.9119	0	0
72.1	10.9119	0	1
67.2	9.69948	0	0
70	9.69948	0	1
65.1	8.48705	0	0
67.9	8.48705	0	1
63	7.27461	0	0
65.8	7.27461	0	1
60.9	6.06218	0	0
63.7	6.06218	0	1
58.8	4.84974	0	0
61.6	4.84974	0	1
56.7	3.63731	0	0
59.5	3.63731	0	1
54.6	2.42487	0	0
57.4	2.42487	0	1
52.5	1.21244	0	0
55.3	1.21244	0	1
50.4	0	0	0
53.2	0	0	1
48.3	-1.21244	0	0
51.1	-1.21244	0	1
46.2	-2.42487	0	0
49	-2.42487	0	1
44.1	-3.63731	0	0
46.9	-3.63731	0	1
42	-4.84974	0	0
44.8	-4.84974	0	1
39.9	-6.06218	0	0
42.7	-6.06218	0	1
37.8	-7.27461	0	0
40.6	-7.27461	0	1
35.7	-8.48705	0	0
38.5	-8.48705	0	1
33.6	-9.69948	0	0
36.4	-9.69948	0	1
31.5	-10.9119	0	0
34.3	-10.9119	0	1
29.4	-12.1244	0	0
32.2	-12.1244	0	1
27.3	-13.3368	0	0
30.1	-13.3368	0	1
25.2	-14.5492	0	0
28	-14.5492	0	1
84	21.8238	0	0
86.8	21.8238	0	1
81.9	20.6114	0	0
84.7	20.6114	0	1
79.8	19.399	0	0
82.6	19.399	0	1
77.7	18.1865	0	0
80.5	18.1865	0	1
75.6	16.9741	0	0
78.4	16.9741	0	1
73.5	15.7617	0	0
76.3	15.7617	0	1
71.4	14.5492	0	0
74.2	14.5492	0	1
69.3	13.3368	0	0
72.1	13.3368	0	1
67.2	12.1244	0	0
70	12.1244	0	1
65.1	10.9119	0	0
67.9	10.9119	0	1
63	9.69948	0	0
65.8	9.69948	0	1
60.9	8.48705	0	0
63.7	8.48705	0	1
58.8	7.27461	0	0
61.6	7.27461	0	1
56.7	6.06218	0	0
59.5	6.06218	0	1
54.6	4.84974	0	0
57.4	4.84974	0	1
52.5	3.63731	0	0
55.3	3.63731	0	1
50.4	2.42487	0	0
53.2	2.42487	0	1
48.3	1.21244	0	0
51.1	1.21244	0	1
46.2	0	0	0
49	0	0	1
44.1	-1.21244	0	0
46.9	-1.21244	0	1
42	-2.42487	0	0
44.8	-2.42487	0	1
39.9	-3.63731	0	0
42.7	-3.63731	0	1
37.8	-4.84974	0	0
40.6	-4.84974	0	1
35.7	-6.06218	0	0
38.5	-6.06218	0	1
33.6	-7.27461	0	0
36.4	-7.27461	0	1
31.5	-8.48705	0	0
34.3	-8.48705	0	1
29.4	-9.69948	0	0
32.2	-9.69948	0	1
27.3	-10.9119	0	0
30.1	-10.9119	0	1
25.2	-12.1244	0	0
28	-12.1244	0	1
23.1	-13.3368	0	0
25.9	-13.3368	0	1
81.9	23.0363	0	0
84.7	23.0363	0	1
79.8	21.8238	0	0
82.6	21.8238	0	1
77.7	20.6114	0	0
80.5	20.6114	0	1
75.6	19.399	0	0
78.4	19.399	0	1
73.5	18.1865	0	0
76.3	18.1865	0	1
71.4	16.9741	0	0
74.2	16.9741	0	1
69.3	15.7617	0	0
72.1	15.7617	0	1
67.2	14.5492	0	0
70	14.5492	0	1
65.1	13.3368	0	0
67.9	13.3368	0	1
63	12.1244	0	0
65.8	12.1244	0	1
60.9	10.9119	0	0
63.7	10.9119	0	1
58.8	9.69948	0	0
61.6	9.69948	0	1
56.7	8.48705	0	0
59.5	8.48705	0	1
54.6	7.27461	0	0
57.4	7.27461	0	1
52.5	6.06218	0	0
55.3	6.06218	0	1
50.4	4.84974	0	0
53.2	4.84974	0	1
48.3	3.63731	0	0
51.1	3.63731	0	1
46.2	2.42487	0	0
49	2.42487	0	1
44.1	1.21244	0	0
46.9	1.21244	0	1
42	0	0	0
44.8	0	0	1
39.9	-1.21244	0	0
42.7	-1.21244	0	1
37.8	-2.42487	0	0
40.6	-2.42487	0	1
35.7	-3.63731	0	0
38.5	-3.63731	0	1
33.6	-4.84974	0	0
36.4	-4.84974	0	1
31.5	-6.06218	0	0
34.3	-6.06218	0	1
29.4	-7.27461	0	0
32.2	-7.27461	0	1
27.3	-8.48705	0	0
30.1	-8.48705	0	1
25.2	-9.69948	0	0
28	-9.69948	0	1
23.1	-10.9119	0	0
25.9	-10.9119	0	1
21	-12.1244	0	0
23.8	-12.1244	0	1
79.8	24.2487	0	0
82.6	24.2487	0	1
77.7	23.0363	0	0
80.5	23.0363	0	1
75.6	21.8238	0	0
78.4	21.8238	0	1
73.5	20.6114	0	0
76.3	20.6114	0	1
71.4	19.399	0	0
74.2	19.399	0	1
69.3	18.1865	0	0
72.1	18.1865	0	1
67.2	16.9741	0	0
70	16.9741	0	1
65.1	15.7617	0	0
67.9	15.7617	0	1
63	14.5492	0	0
65.8	14.5492	0	1
60.9	13.3368	0	0
63.7	13.3368	0	1
58.8	12.1244	0	0
61.6	12.1244	0	1
56.7	10.9119	0	0
59.5	10.9119	0	1
54.6	9.69948	0	0
57.4	9.69948	0	1
52.5	8.48705	0	0
55.3	8.48705	0	1
50.4	7.27461	0	0
53.2	7.27461	0	1
48.3	6.06218	0	0
51.1	6.06218	0	1
46.2	4.84974	0	0
49	4.84974	0	1
44.1	3.63731	0	0
46.9	3.63731	0	1
42	2.42487	0	0
44.8	2.42487	0	1
39.9	1.21244	0	0
42.7	1.21244	0	1
37.8	0	0	0
40.6	0	0	1
35.7	-1.21244	0	0
38.5	-1.21244	0	1
33.6	-2.42487	0	0
36.4	-2.42487	0	1
31.5	-3.63731	0	0
34.3	-3.63731	0	1
29.4	-4.84974	0	0
32.2	-4.84974	0	1
27.3	-6.06218	0	0
30.1	-6.06218	0	1
25.2	-7.27461	0	0
28	-7.27461	0	1
23.1	-8.48705	0	0
25.9	-8.48705	0	1
21	-9.69948	0	0
23.8	-9.69948	0	1
18.9	-10.9119	0	0
21.7	-10.9119	0	1
77.7	25.4611	0	0
80.5	25.4611	0	1
75.6	24.2487	0	0
78.4	24.2487	0	1
73.5	23.0363	0	0
76.3	23.0363	0	1
71.4	21.8238	0	0
74.2	21.8238	0	1
69.3	20.6114	0	0
72.1	20.6114	0	1
67.2	19.399	0	0
70	19.399	0	1
65.1	18.1865	0	0
67.9	18.1865	0	1
63	16.9741	0	0
65.8	16.9741	0	1
60.9	15.7617	0	0
63.7	15.7617	0	1
58.8	14.5492	0	0
61.6	14.5492	0	1
56.7	13.3368	0	0
59.5	13.3368	0	1
54.6	12.1244	0	0
57.4	12.1244	0	1
52.5	10.9119	0	0
55.3	10.9119	0	1
50.4	9.69948	0	0
53.2	9.69948	0	1
48.3	8.48705	0	0
51.1	8.48705	0	1
46.2	7.27461	0	0
49	7.27461	0	1
44.1	6.06218	0	0
46.9	6.06218	0	1
42	4.84974	0	0
44.8	4.84974	0	1
39.9	3.63731	0	0
42.7	3.63731	0	1
37.8	2.42487	0	0
40.6	2.42487	0	1
35.7	1.21244	0	0
38.5	1.21244	0	1
33.6	0	0	0
36.4	0	0	1
31.5	-1.21244	0	0
34.3	-1.21244	0	1
29.4	-2.42487	0	0
32.2	-2.42487	0	1
27.3	-3.63731	0	0
30.1	-3.63731	0	1
25.2	-4.84974	0	0
28	-4.84974	0	1
23.1	-6.06218	0	0
25.9	-6.06218	0	1
21	-7.27461	0	0
23.8	-7.27461	0	1
18.9	-8.48705	0	0
21.7	-8.48705	0	1
16.8	-9.69948	0	0
19.6	-9.69948	0	1
75.6	26.6736	0	0
78.4	26.6736	0	1
73.5	25.4611	0	0
76.3	25.4611	0	1
71.4	24.2487	0	0
74.2	24.2487	0	1
69.3	23.0363	0	0
72.1	23.0363	0	1
67.2	21.8238	0	0
70	21.8238	0	1
65.1	20.6114	0	0
67.9	20.6114	0	1
63	19.399	0	0
65.8	19.399	0	1
60.9	18.1865	0	0
63.7	18.1865	0	1
58.8	16.9741	0	0
61.6	16.9741	0	1
56.7	15.7617	0	0
59.5	15.7617	0	1
54.6	14.5492	0	0
57.4	14.5492	0	1
52.5	13.3368	0	0
55.3	13.3368	0	1
50.4	12.1244	0	0
53.2	12.1244	0	1
48.3	10.9119	0	0
51.1	10.9119	0	1
46.2	9.69948	0	0
49	9.69948	0	1
44.1	8.48705	0	0
46.9	8.48705	0	1
42	7.27461	0	0
44.8	7.27461	0	1
39.9	6.06218	0	0
42.7	6.06218	0	1
37.8	4.84974	0	0
40.6	4.84974	0	1
35.7	3.63731	0	0
38.5	3.63731	0	1
33.6	2.42487	0	0
36.4	2.42487	0	1
31.5	1.21244	0	0
34.3	1.21244	0	1
29.4	0	0	0
32.2	0	0	1
27.3	-1.21244	0	0
30.1	-1.21244	0	1
25.2	-2.42487	0	0
28	-2.42487	0	1
23.1	-3.63731	0	0
25.9	-3.63731	0	1
21	-4.84974	0	0
23.8	-4.84974	0	1
18.9	-6.06218	0	0
21.7	-6.06218	0	1
16.8	-7.27461	0	0
19.6	-7.27461	0	1
14.7	-8.48705	0	0
17.5	-8.48705	0	1
73.5	27.886	0	0
76.3	27.886	0	1
71.4	26.6736	0	0
74.2	26.6736	0	1
69.3	25.4611	0	0
72.1	25.4611	0	1
67.2	24.2487	0	0
70	24.2487	0	1
65.1	23.0363	0	0
67.9	23.0363	0	1
63	21.8238	0	0
65.8	21.8238	0	1
60.9	20.6114	0	0
63.7	20.6114	0	1
58.8	19.399	0	0
61.6	19.399	0	1
56.7	18.1865	0	0
59.5	18.1865	0	1
54.6	16.9741	0	0
57.4	16.9741	0	1
52.5	15.7617	0	0
55.3	15.7617	0	1
50.4	14.5492	0	0
53.2	14.5492	0	1
48.3	13.3368	0	0
51.1	13.3368	0	1
46.2	12.1244	0	0
49	12.1244	0	1
44.1	10.9119	0	0
46.9	10.9119	0	1
42	9.69948	0	0
44.8	9.69948	0	1
39.9	8.48705	0	0
42.7	8.48705	0	1
37.8	7.27461	0	0
40.6	7.27461	0	1
35.7	6.06218	0	0
38.5	6.06218	0	1
33.6	4.84974	0	0
36.4	4.84974	0	1
31.5	3.63731	0	0
34.3	3.63731	0	1
29.4	2.42487	0	0
32.2	2.42487	0	1
27.3	1.21244	0	0
30.1	1.21244	0	1
25.2	0	0	0
28	0	0	1
23.1	-1.21244	0	0
25.9	-1.21244	0	1
21	-2.42487	0	0
23.8	-2.42487	0	1
18.9	-3.63731	0	0
21.7	-3.63731	0	1
16.8	-4.84974	0	0
19.6	-4.84974	0	1
14.7	-6.06218	0	0
17.5	-6.06218	0	1
12.6	-7.27461	0	0
15.4	-7.27461	0	1
71.4	29.0985	0	0
74.2	29.0985	0	1
69.3	27.886	0	0
72.1	27.886	0	1
67.2	26.6736	0	0
70	26.6736	0	1
65.1	25.4611	0	0
67.9	25.4611	0	1
63	24.2487	0	0
65.8	24.2487	0	1
60.9	23.0363	0	0
63.7	23.0363	0	1
58.8	21.8238	0	0
61.6	21.8238	0	1
56.7	20.6114	0	0
59.5	20.6114	0	1
54.6	19.399	0	0
57.4	19.399	0	1
52.5	18.1865	0	0
55.3	18.1865	0	1
50.4	16.9741	0	0
53.2	16.9741	0	1
48.3	15.7617	0	0
51.1	15.7617	0	1
46.2	14.5492	0	0
49	14.5492	0	1
44.1	13.3368	0	0
46.9	13.3368	0	1
42	12.1244	0	0
44.8	12.1244	0	1
39.9	10.9119	0	0
42.7	10.9119	0	1
37.8	9.69948	0	0
40.6	9.69948	0	1
35.7	8.48705	0	0
38.5	8.48705	0	1
33.6	7.27461	0	0
36.4	7.27461	0	1
31.5	6.06218	0	0
34.3	6.06218	0	1
29.4	4.84974	0	0
32.2	4.84974	0	1
27.3	3.63731	0	0
30.1	3.63731	0	1
25.2	2.42487	0	0
28	2.42487	0	1
23.1	1.21244	0	0
25.9	1.21244	0	1
21	0	0	0
23.8	0	0	1
18.9	-1.21244	0	0
21.7	-1.21244	0	1
16.8	-2.42487	0	0
19.6	-2.42487	0	1
14.7	-3.63731	0	0
17.5	-3.63731	0	1
12.6	-4.84974	0	0
15.4	-4.84974	0	1
10.5	-6.06218	0	0
13.3	-6.06218	0	1
69.3	30.3109	0	0
72.1	30.3109	0	1
67.2	29.0985	0	0
70	29.0985	0	1
65.1	27.886	0	0
67.9	27.886	0	1
63	26.6736	0	0
65.8	26.6736	0	1
60.9	25.4611	0	0
63.7	25.4611	0	1
58.8	24.2487	0	0
61.6	24.2487	0	1
56.7	23.0363	0	0
59.5	23.0363	0	1
54.6	21.8238	0	0
57.4	21.8238	0	1
52.5	20.6114	0	0
55.3	20.6114	0	1
50.4	19.399	0	0
53.2	19.399	0	1
48.3	18.1865	0	0
51.1	18.1865	0	1
46.2	16.9741	0	0
49	16.9741	0	1
44.1	15.7617	0	0
46.9	15.7617	0	1
42	14.5492	0	0
44.8	14.5492	0	1
39.9	13.3368	0	0
42.7	13.3368	0	1
37.8	12.1244	0	0
40.6	12.1244	0	1
35.7	10.9119	0	0
38.5	10.9119	0	1
33.6	9.69948	0	0
36.4	9.69948	0	1
31.5	8.48705	0	0
34.3	8.48705	0	1
29.4	7.27461	0	0
32.2	7.27461	0	1
27.3	6.06218	0	0
30.1	6.06218	0	1
25.2	4.84974	0	0
28	4.84974	0	1
23.1	3.63731	0	0
25.9	3.63731	0	1
21	2.42487	0	0
23.8	2.42487	0	1
18.9	1.21244	0	0
21.7	1.21244	0	1
16.8	0	0	0
19.6	0	0	1
14.7	-1.21244	0	0
17.5	-1.21244	0	1
12.6	-2.42487	0	0
15.4	-2.42487	0	1
10.5	-3.63731	0	0
13.3	-3.63731	0	1
8.4	-4.84974	0	0
11.2	-4.84974	0	1
67.2	31.5233	0	0
70	31.5233	0	1
65.1	30.3109	0	0
67.9	30.3109	0	1
63	29.0985	0	0
65.8	29.0985	0	1
60.9	27.886	0	0
63.7	27.886	0	1
58.8	26.6736	0	0
61.6	26.6736	0	1
56.7	25.4611	0	0
59.5	25.4611	0	1
54.6	24.2487	0	0
57.4	24.2487	0	1
52.5	23.0363	0	0
55.3	23.0363	0	1
50.4	21.8238	0	0
53.2	21.8238	0	1
48.3	20.6114	0	0
51.1	20.6114	0	1
46.2	19.399	0	0
49	19.399	0	1
44.1	18.1865	0	0
46.9	18.1865	0	1
42	16.9741	0	0
44.8	16.9741	0	1
39.9	15.7617	0	0
42.7	15.7617	0	1
37.8	14.5492	0	0
40.6	14.5492	0	1
35.7	13.3368	0	0
38.5	13.3368	0	1
33.6	12.1244	0	0
36.4	12.1244	0	1
31.5	10.9119	0	0
34.3	10.9119	0	1
29.4	9.69948	0	0
32.2	9.69948	0	1
27.3	8.48705	0	0
30.1	8.48705	0	1
25.2	7.27461	0	0
28	7.27461	0	1
23.1	6.06218	0	0
25.9	6.06218	0	1
21	4.84974	0	0
23.8	4.84974	0	1
18.9	3.63731	0	0
21.7	3.63731	0	1
16.8	2.42487	0	0
19.6	2.42487	0	1
14.7	1.21244	0	0
17.5	1.21244	0	1
12.6	0	0	0
15.4	0	0	1
10.5	-1.21244	0	0
13.3	-1.21244	0	1
8.4	-2.42487	0	0
11.2	-2.42487	0	1
6.3	-3.63731	0	0
9.1	-3.63731	0	1
65.1	32.7358	0	0
67.9	32.7358	0	1
63	31.5233	0	0
65.8	31.5233	0	1
60.9	30.3109	0	0
63.7	30.3109	0	1
58.8	29.0985	0	0
61.6	29.0985	0	1
56.7	27.886	0	0
59.5	27.886	0	1
54.6	26.6736	0	0
57.4	26.6736	0	1
52.5	25.4611	0	0
55.3	25.4611	0	1
50.4	24.2487	0	0
53.2	24.2487	0	1
48.3	23.0363	0	0
51.1	23.0363	0	1
46.2	21.8238	0	0
49	21.8238	0	1
44.1	20.6114	0	0
46.9	20.6114	0	1
42	19.399	0	0
44.8	19.399	0	1
39.9	18.1865	0	0
42.7	18.1865	0	1
37.8	16.9741	0	0
40.6	16.9741	0	1
35.7	15.7617	0	0
38.5	15.7617	0	1
33.6	14.5492	0	0
36.4	14.5492	0	1
31.5	13.3368	0	0
34.3	13.3368	0	1
29.4	12.1244	0	0
32.2	12.1244	0	1
27.3	10.9119	0	0
30.1	10.9119	0	1
25.2	9.69948	0	0
28	9.69948	0	1
23.1	8.48705	0	0
25.9	8.48705	0	1
21	7.27461	0	0
23.8	7.27461	0	1
18.9	6.06218	0	0
21.7	6.06218	0	1
16.8	4.84974	0	0
19.6	4.84974	0	1
14.7	3.63731	0	0
17.5	3.63731	0	1
12.6	2.42487	0	0
15.4	2.42487	0	1
10.5	1.21244	0	0
13.3	1.21244	0	1
8.4	0	0	0
11.2	0	0	1
6.3	-1.21244	0	0
9.1	-1.21244	0	1
4.2	-2.42487	0	0
7	-2.42487	0	1
63	33.9482	0	0
65.8	33.9482	0	1
60.9	32.7358	0	0
63.7	32.7358	0	1
58.8	31.5233	0	0
61.6	31.5233	0	1
56.7	30.3109	0	0
59.5	30.3109	0	1
54.6	29.0985	0	0
57.4	29.0985	0	1
52.5	27.886	0	0
55.3	27.886	0	1
50.4	26.6736	0	0
53.2	26.6736	0	1
48.3	25.4611	0	0
51.1	25.4611	0	1
46.2	24.2487	0	0
49	24.2487	0	1
44.1	23.0363	0	0
46.9	23.0363	0	1
42	21.8238	0	0
44.8	21.8238	0	1
39.9	20.6114	0	0
42.7	20.6114	0	1
37.8	19.399	0	0
40.6	19.399	0	1
35.7	18.1865	0	0
38.5	18.1865	0	1
33.6	16.9741	0	0
36.4	16.9741	0	1
31.5	15.7617	0	0
34.3	15.7617	0	1
29.4	14.5492	0	0
32.2	14.5492	0	1
27.3	13.3368	0	0
30.1	13.3368	0	1
25.2	12.1244	0	0
28	12.1244	0	1
23.1	10.9119	0	0
25.9	10.9119	0	1
21	9.69948	0	0
23.8	9.69948	0	1
18.9	8.48705	0	0
21.7	8.48705	0	1
16.8	7.27461	0	0
19.6	7.27461	0	1
14.7	6.06218	0	0
17.5	6.06218	0	1
12.6	4.84974	0	0
15.4	4.84974	0	1
10.5	3.63731	0	0
13.3	3.63731	0	1
8.4	2.42487	0	0
11.2	2.42487	0	1
6.3	1.21244	0	0
9.1	1.21244	0	1
4.2	0	0	0
7	0	0	1
2.1	-1.21244	0	0
4.9	-1.21244	0	1
60.9	35.1606	0	0
63.7	35.1606	0	1
58.8	33.9482	0	0
61.6	33.9482	0	1
56.7	32.7358	0	0
59.5	32.7358	0	1
54.6	31.5233	0	0
57.4	31.5233	0	1
52.5	30.3109	0	0
55.3	30.3109	0	1
50.4	29.0985	0	0
53.2	29.0985	0	1
48.3	27.886	0	0
51.1	27.886	0	1
46.2	26.6736	0	0
49	26.6736	0	1
44.1	25.4611	0	0
46.9	25.4611	0	1
42	24.2487	0	0
44.8	24.2487	0	1
39.9	23.0363	0	0
42.7	23.0363	0	1
37.8	21.8238	0	0
40.6	21.8238	0	1
35.7	20.6114	0	0
38.5	20.6114	0	1
33.6	19.399	0	0
36.4	19.399	0	1
31.5	18.1865	0	0
34.3	18.1865	0	1
29.4	16.9741	0	0
32.2	16.9741	0	1
27.3	15.7617	0	0
30.1	15.7617	0	1
25.2	14.5492	0	0
28	14.5492	0	1
23.1	13.3368	0	0
25.9	13.3368	0	1
21	12.1244	0	0
23.8	12.1244	0	1
18.9	10.9119	0	0
21.7	10.9119	0	1
16.8	9.69948	0	0
19.6	9.69948	0	1
14.7	8.48705	0	0
17.5	8.48705	0	1
12.6	7.27461	0	0
15.4	7.27461	0	1
10.5	6.06218	0	0
13.3	6.06218	0	1
8.4	4.84974	0	0
11.2	4.84974	0	1
6.3	3.63731	0	0
9.1	3.63731	0	1
4.2	2.42487	0	0
7	2.42487	0	1
2.1	1.21244	0	0
4.9	1.21244	0	1
0	0	0	0
2.8	0	0	1
98.6234	-27.5359	14.8763	0
90.637	-30.3272	12.5833	1
93.8288	-30.3187	14.859	2
97.0206	-30.3101	17.1348	3
100.212	-30.3016	19.4105	4
98.6108	-21.9922	14.8732	5
90.6244	-24.7835	12.5802	6
93.8161	-24.775	14.856	7
97.0079	-24.7664	17.1317	8
100.2	-24.7579	19.4074	9
85.8298	-27.5663	12.563	10
89.0215	-27.5578	14.8387	11
92.2133	-27.5492	17.1144	12
77.8434	-30.3577	10.27	13
81.0351	-30.3492	12.5457	14
84.2269	-30.3406	14.8214	15
87.4187	-30.3321	17.0972	16
98.5981	-16.4485	14.8702	17
90.6117	-19.2398	12.5772	18
93.8035	-19.2313	14.8529	19
96.9953	-19.2227	17.1286	20
100.187	-19.2142	19.4043	21
85.8171	-22.0226	12.5599	22
89.0089	-22.0141	14.8356	23
92.2006	-22.0056	17.1114	24
77.8307	-24.814	10.2669	25
81.0225	-24.8055	12.5426	26
84.2142	-24.7969	14.8183	27
87.406	-24.7884	17.0941	28
69.8443	-27.6054	7.97388	29
73.0361	-27.5968	10.2496	30
76.2279	-27.5883	12.5254	31
79.4196	-27.5797	14.8011	32
61.8579	-30.3967	5.68089	33
65.0497	-30.3882	7.95662	34
68.2415	-30.3796	10.2323	35
71.4332	-30.3711	12.5081	36
98.5855	-10.9048	14.8671	37
90.5991	-13.6961	12.5741	38
93.7908	-13.6876	14.8498	39
96.9826	-13.679	17.1255	40
100.174	-13.6705	19.4013	41
85.8045	-16.4789	12.5568	42
88.9962	-16.4704	14.8325	43
92.188	-16.4619	17.1083	44
77.8181	-19.2703	10.2638	45
81.0098	-19.2618	12.5395	46
84.2016	-19.2532	14.8153	47
87.3934	-19.2447	17.091	48
69.8317	-22.0617	7.97081	49
73.0234	-22.0531	10.2465	50
76.2152	-22.0446	12.5223	51
79.407	-22.036	14.798	52
61.8453	-24.853	5.67781	53
65.037	-24.8445	7.95354	54
68.2288	-24.8359	10.2293	55
71.4206	-24.8274	12.505	56
57.0506	-27.6358	5.66054	57
60.2424	-27.6273	7.93627	58
63.4342	-27.6188	10.212	59
66.6259	-27.6102	12.4877	60
49.0643	-30.4272	3.36754	61
52.256	-30.4187	5.64327	62
55.4478	-30.4101	7.91901	63
58.6396	-30.4016	10.1947	64
98.5728	-5.36107	14.864	65
90.5864	-8.15243	12.571	66
93.7782	-8.14388	14.8467	67
96.97	-8.13534	17.1225	68
100.162	-8.12679	19.3982	69
85.7918	-10.9352	12.5537	70
88.9836	-10.9267	14.8295	71
92.1753	-10.9182	17.1052	72
77.8054	-13.7266	10.2607	73
80.9972	-13.7181	12.5365	74
84.1889	-13.7095	14.8122	75
87.3807	-13.701	17.0879	76
69.819	-16.518	7.96773	77
73.0108	-16.5094	10.2435	78
76.2026	-16.5009	12.5192	79
79.3943	-16.4923	14.7949	80
61.8326	-19.3093	5.67473	81
65.0244	-19.3008	7.95046	82
68.2162	-19.2922	10.2262	83
71.4079	-19.2837	12.5019	84
57.038	-22.0921	5.65746	85
60.2298	-22.0836	7.93319	86
63.4215	-22.0751	10.2089	87
66.6133	-22.0665	12.4847	88
49.0516	-24.8835	3.36446	89
52.2434	-24.875	5.6402	90
55.4351	-24.8664	7.91593	91
58.6269	-24.8579	10.1917	92
41.0652	-27.6749	1.07146	93
44.257	-27.6663	3.3472	94
47.4487	-27.6578	5.62293	95
50.6405	-27.6492	7.89866	96
36.2706	-30.4577	1.0542	97
39.4624	-30.4491	3.32993	98
42.6541	-30.4406	5.60566	99
45.8459	-30.432	7.88139	100
98.5602	0.182634	14.8609	101
90.5738	-2.60873	12.5679	102
93.7655	-2.60018	14.8437	103
96.9573	-2.59164	17.1194	104
100.149	-2.58309	19.3951	105
85.7792	-5.39154	12.5507	106
88.9709	-5.383	14.8264	107
92.1627	-5.37445	17.1021	108
77.7928	-8.1829	10.2577	109
80.9845	-8.17436	12.5334	110
84.1763	-8.16581	14.8091	111
87.3681	-8.15727	17.0849	112
69.8064	-10.9743	7.96465	113
72.9981	-10.9657	10.2404	114
76.1899	-10.9572	12.5161	115
79.3817	-10.9486	14.7919	116
61.82	-13.7656	5.67166	117
65.0117	-13.7571	7.94739	118
68.2035	-13.7485	10.2231	119
71.3953	-13.74	12.4989	120
57.0253	-16.5484	5.65439	121
60.2171	-16.5399	7.93012	122
63.4089	-16.5314	10.2059	123
66.6006	-16.5228	12.4816	124
49.039	-19.3398	3.36138	125
52.2307	-19.3313	5.63712	126
55.4225	-19.3227	7.91285	127
58.6143	-19.3142	10.1886	128
41.0526	-22.1312	1.06839	129
44.2443	-22.1226	3.34412	130
47.4361	-22.1141	5.61985	131
50.6279	-22.1055	7.89558	132
36.2579	-24.914	1.05112	133
39.4497	-24.9054	3.32685	134
42.6415	-24.8969	5.60258	135
45.8332	-24.8883	7.87832	136
31.4633	-27.6968	1.03385	137
34.6551	-27.6883	3.30958	138
37.8468	-27.6797	5.58532	139
29.8605	-30.4711	3.29231	140
98.5475	5.72633	14.8578	141
90.5611	2.93497	12.5648	142
93.7529	2.94352	14.8406	143
96.9447	2.95206	17.1163	144
100.136	2.96061	19.392	145
85.7665	0.152156	12.5476	146
88.9583	0.160702	14.8233	147
92.15	0.169247	17.099	148
77.7801	-2.63921	10.2546	149
80.9719	-2.63066	12.5303	150
84.1636	-2.62211	14.806	151
87.3554	-2.61357	17.0818	152
69.7937	-5.43057	7.96158	153
72.9855	-5.42202	10.2373	154
76.1773	-5.41347	12.513	155
79.369	-5.40493	14.7888	156
61.8073	-8.22193	5.66858	157
64.9991	-8.21338	7.94431	158
68.1909	-8.20484	10.22	159
71.3826	-8.19629	12.4958	160
57.0127	-11.0047	5.65131	161
60.2045	-10.9962	7.92704	162
63.3962	-10.9877	10.2028	163
66.588	-10.9791	12.4785	164
49.0263	-13.7961	3.35831	165
52.2181	-13.7876	5.63404	166
55.4098	-13.779	7.90977	167
58.6016	-13.7705	10.1855	168
41.0399	-16.5875	1.06531	169
44.2317	-16.5789	3.34104	170
47.4234	-16.5704	5.61677	171
50.6152	-16.5618	7.89251	172
36.2453	-19.3703	1.04804	173
39.4371	-19.3617	3.32377	174
42.6288	-19.3532	5.59951	175
45.8206	-19.3446	7.87524	176
31.4507	-22.1531	1.03077	177
34.6424	-22.1446	3.30651	178
37.8342	-22.136	5.58224	179
29.8478	-24.9274	3.28924	180
98.5349	11.27	14.8548	181
90.5485	8.47867	12.5618	182
93.7402	8.48722	14.8375	183
96.932	8.49576	17.1132	184
100.124	8.50431	19.389	185
85.7539	5.69586	12.5445	186
88.9456	5.7044	14.8202	187
92.1374	5.71295	17.096	188
77.7675	2.90449	10.2515	189
80.9592	2.91304	12.5272	190
84.151	2.92159	14.803	191
87.3428	2.93013	17.0787	192
69.7811	0.113132	7.9585	193
72.9728	0.121678	10.2342	194
76.1646	0.130224	12.51	195
79.3564	0.138769	14.7857	196
61.7947	-2.67823	5.6655	197
64.9864	-2.66968	7.94123	198
68.1782	-2.66114	10.217	199
71.37	-2.65259	12.4927	200
57	-5.46104	5.64823	201
60.1918	-5.4525	7.92396	202
63.3836	-5.44395	10.1997	203
66.5753	-5.43541	12.4754	204
49.0137	-8.25241	3.35523	205
52.2054	-8.24386	5.63097	206
55.3972	-8.23532	7.9067	207
58.589	-8.22677	10.1824	208
41.0273	-11.0438	1.06223	209
44.219	-11.0352	3.33796	210
47.4108	-11.0267	5.6137	211
50.6026	-11.0181	7.88943	212
36.2326	-13.8266	1.04496	213
39.4244	-13.818	3.3207	214
42.6162	-13.8095	5.59643	215
45.8079	-13.8009	7.87216	216
31.438	-16.6094	1.0277	217
34.6298	-16.6009	3.30343	218
37.8215	-16.5923	5.57916	219
29.8352	-19.3837	3.28616	220
98.5222	16.8137	14.8517	221
90.5358	14.0224	12.5587	222
93.7276	14.0309	14.8344	223
96.9194	14.0395	17.1102	224
100.111	14.048	19.3859	225
85.7412	11.2396	12.5414	226
88.933	11.2481	14.8172	227
92.1247	11.2566	17.0929	228
77.7548	8.44819	10.2484	229
80.9466	8.45674	12.5242	230
84.1383	8.46528	14.7999	231
87.3301	8.47383	17.0756	232
69.7684	5.65683	7.95542	233
72.9602	5.66538	10.2312	234
76.152	5.67392	12.5069	235
79.3437	5.68247	14.7826	236
61.782	2.86547	5.66242	237
64.9738	2.87401	7.93815	238
68.1656	2.88256	10.2139	239
71.3573	2.89111	12.4896	240
56.9874	0.0826544	5.64515	241
60.1792	0.0912	7.92089	242
63.3709	0.0997456	10.1966	243
66.5627	0.108291	12.4723	244
49.001	-2.70871	3.35215	245
52.1928	-2.70016	5.62789	246
55.3845	-2.69162	7.90362	247
58.5763	-2.68307	10.1794	248
41.0146	-5.50007	1.05915	249
44.2064	-5.49153	3.33489	250
47.3981	-5.48298	5.61062	251
50.5899	-5.47443	7.88635	252
36.22	-8.28289	1.04189	253
39.4118	-8.27434	3.31762	254
42.6035	-8.26579	5.59335	255
45.7953	-8.25725	7.86908	256
31.4254	-11.0657	1.02462	257
34.6171	-11.0572	3.30035	258
37.8089	-11.0486	5.57608	259
29.8225	-13.84	3.28308	260
98.5096	22.3574	14.8486	261
90.5232	19.5661	12.5556	262
93.7149	19.5746	14.8313	263
96.9067	19.5832	17.1071	264
100.098	19.5917	19.3828	265
85.7286	16.7833	12.5383	266
88.9203	16.7918	14.8141	267
92.1121	16.8003	17.0898	268
77.7422	13.9919	10.2453	269
80.9339	14.0004	12.5211	270
84.1257	14.009	14.7968	271
87.3175	14.0175	17.0725	272
69.7558	11.2005	7.95234	273
72.9475	11.2091	10.2281	274
76.1393	11.2176	12.5038	275
79.3311	11.2262	14.7795	276
61.7694	8.40917	5.65935	277
64.9611	8.41772	7.93508	278
68.1529	8.42626	10.2108	279
71.3447	8.43481	12.4865	280
56.9747	5.62635	5.64208	281
60.1665	5.6349	7.91781	282
63.3583	5.64344	10.1935	283
66.55	5.65199	12.4693	284
48.9884	2.83499	3.34908	285
52.1801	2.84354	5.62481	286
55.3719	2.85208	7.90054	287
58.5637	2.86063	10.1763	288
41.002	0.0436308	1.05608	289
44.1937	0.0521764	3.33181	290
47.3855	0.060722	5.60754	291
50.5773	0.0692676	7.88327	292
36.2073	-2.73919	1.03881	293
39.3991	-2.73064	3.31454	294
42.5909	-2.7221	5.59028	295
45.7826	-2.71355	7.86601	296
31.4127	-5.522	1.02154	297
34.6045	-5.51346	3.29727	298
37.7962	-5.50491	5.57301	299
29.8099	-8.29627	3.28001	300
98.4969	27.9011	14.8455	301
90.5105	25.1098	12.5525	302
93.7023	25.1183	14.8283	303
96.8941	25.1269	17.104	304
100.086	25.1354	19.3797	305
85.7159	22.327	12.5353	306
88.9077	22.3355	14.811	307
92.0994	22.344	17.0867	308
77.7295	19.5356	10.2423	309
80.9213	19.5441	12.518	310
84.113	19.5527	14.7937	311
87.3048	19.5612	17.0695	312
69.7431	16.7442	7.94927	313
72.9349	16.7528	10.225	314
76.1267	16.7613	12.5007	315
79.3184	16.7699	14.7765	316
61.7567	13.9529	5.65627	317
64.9485	13.9614	7.932	318
68.1403	13.97	10.2077	319
71.332	13.9785	12.4835	320
56.9621	11.1701	5.639	321
60.1539	11.1786	7.91473	322
63.3456	11.1871	10.1905	323
66.5374	11.1957	12.4662	324
48.9757	8.37869	3.346	325
52.1675	8.38724	5.62173	326
55.3592	8.39578	7.89747	327
58.551	8.40433	10.1732	328
40.9893	5.58733	1.053	329
44.1811	5.59588	3.32873	330
47.3728	5.60442	5.60447	331
50.5646	5.61297	7.8802	332
36.1947	2.80452	1.03573	333
39.3865	2.81306	3.31147	334
42.5782	2.82161	5.5872	335
45.77	2.83015	7.86293	336
31.4001	0.0216984	1.01847	337
34.5918	0.030244	3.2942	338
37.7836	0.0387896	5.56993	339
29.7972	-2.75257	3.27693	340
98.4843	33.4448	14.8425	341
90.4979	30.6535	12.5495	342
93.6896	30.662	14.8252	343
96.8814	30.6706	17.1009	344
100.073	30.6791	19.3767	345
85.7033	27.8707	12.5322	346
88.895	27.8792	14.8079	347
92.0868	27.8877	17.0837	348
77.7169	25.0793	10.2392	349
80.9086	25.0878	12.5149	350
84.1004	25.0964	14.7907	351
87.2922	25.1049	17.0664	352
69.7305	22.2879	7.94619	353
72.9222	22.2965	10.2219	354
76.114	22.305	12.4977	355
79.3058	22.3136	14.7734	356
61.7441	19.4966	5.65319	357
64.9358	19.5051	7.92892	358
68.1276	19.5137	10.2047	359
71.3194	19.5222	12.4804	360
56.9495	16.7138	5.63592	361
60.1412	16.7223	7.91166	362
63.333	16.7308	10.1874	363
66.5247	16.7394	12.4631	364
48.9631	13.9224	3.34292	365
52.1548	13.9309	5.61866	366
55.3466	13.9395	7.89439	367
58.5384	13.948	10.1701	368
40.9767	11.131	1.04992	369
44.1684	11.1396	3.32566	370
47.3602	11.1481	5.60139	371
50.552	11.1567	7.87712	372
36.182	8.34821	1.03265	373
39.3738	8.35676	3.30839	374
42.5656	8.36531	5.58412	375
45.7573	8.37385	7.85985	376
31.3874	5.5654	1.01539	377
34.5792	5.57394	3.29112	378
37.7709	5.58249	5.56685	379
29.7846	2.79113	3.27385	380
85.6906	33.4144	12.5291	381
88.8824	33.4229	14.8048	382
92.0741	33.4314	17.0806	383
77.7042	30.623	10.2361	384
80.896	30.6315	12.5118	385
84.0877	30.6401	14.7876	386
87.2795	30.6486	17.0633	387
69.7178	27.8316	7.94311	388
72.9096	27.8402	10.2188	389
76.1014	27.8487	12.4946	390
79.2931	27.8573	14.7703	391
61.7314	25.0403	5.65011	392
64.9232	25.0488	7.92584	393
68.115	25.0574	10.2016	394
71.3067	25.0659	12.4773	395
56.9368	22.2575	5.63284	396
60.1286	22.266	7.90858	397
63.3203	22.2745	10.1843	398
66.5121	22.2831	12.46	399
48.9504	19.4661	3.33984	400
52.1422	19.4746	5.61558	401
55.3339	19.4832	7.89131	402
58.5257	19.4917	10.167	403
40.964	16.6747	1.04684	404
44.1558	16.6833	3.32258	405
47.3475	16.6918	5.59831	406
50.5393	16.7004	7.87404	407
36.1694	13.8919	1.02958	408
39.3612	13.9005	3.30531	409
42.5529	13.909	5.58104	410
45.7447	13.9175	7.85677	411
31.3748	11.1091	1.01231	412
34.5665	11.1176	3.28804	413
37.7583	11.1262	5.56377	414
29.7719	8.33483	3.27077	415
69.7052	33.3753	7.94004	416
72.8969	33.3839	10.2158	417
76.0887	33.3924	12.4915	418
79.2805	33.401	14.7672	419
61.7188	30.584	5.64704	420
64.9105	30.5925	7.92277	421
68.1023	30.6011	10.1985	422
71.2941	30.6096	12.4742	423
56.9242	27.8012	5.62977	424
60.1159	27.8097	7.9055	425
63.3077	27.8182	10.1812	426
66.4994	27.8268	12.457	427
48.9378	25.0098	3.33677	428
52.1295	25.0183	5.6125	429
55.3213	25.0269	7.88823	430
58.5131	25.0354	10.164	431
40.9514	22.2184	1.04377	432
44.1431	22.227	3.3195	433
47.3349	22.2355	5.59523	434
50.5267	22.2441	7.87097	435
36.1567	19.4356	1.0265	436
39.3485	19.4442	3.30223	437
42.5403	19.4527	5.57797	438
45.732	19.4612	7.8537	439
31.3621	16.6528	1.00923	440
34.5539	16.6613	3.28497	441
37.7456	16.6699	5.5607	442
29.7593	13.8785	3.2677	443
56.9115	33.3449	5.62669	444
60.1033	33.3534	7.90243	445
63.295	33.3619	10.1782	446
66.4868	33.3705	12.4539	447
48.9251	30.5535	3.33369	448
52.1169	30.562	5.60942	449
55.3086	30.5706	7.88516	450
58.5004	30.5791	10.1609	451
40.9387	27.7621	1.04069	452
44.1305	27.7707	3.31642	453
47.3222	27.7792	5.59216	454
50.514	27.7878	7.86789	455
36.1441	24.9793	1.02342	456
39.3359	24.9879	3.29916	457
42.5276	24.9964	5.57489	458
45.7194	25.005	7.85062	459
31.3495	22.1965	1.00616	460
34.5412	22.205	3.28189	461
37.733	22.2136	5.55762	462
29.7466	19.4222	3.26462	463
40.9261	33.3058	1.03761	464
44.1178	33.3144	3.31335	465
47.3096	33.3229	5.58908	466
50.5014	33.3315	7.86481	467
36.1314	30.523	1.02035	468
39.3232	30.5316	3.29608	469
42.515	30.5401	5.57181	470
45.7067	30.5486	7.84754	471
31.3368	27.7402	1.00308	472
34.5286	27.7487	3.27881	473
37.7203	27.7573	5.55454	474
29.734	24.9659	3.26154	475
31.3242	33.2839	1	476
34.5159	33.2924	3.27573	477
37.7077	33.301	5.55146	478
29.7213	30.5096	3.25846	479
101.033	-31.6882	14.888	480
101.021	-26.1445	14.8849	481
96.2261	-28.9273	14.8677	482
99.4179	-28.9187	17.1434	483
88.2397	-31.7186	12.5747	484
91.4315	-31.7101	14.8504	485
94.6232	-31.7015	17.1261	486
97.815	-31.693	19.4019	487
101.008	-20.6008	14.8819	488
96.2135	-23.3836	14.8646	489
99.4052	-23.375	17.1403	490
88.2271	-26.1749	12.5716	491
91.4188	-26.1664	14.8473	492
94.6106	-26.1578	17.1231	493
97.8024	-26.1493	19.3988	494
80.2407	-28.9663	10.2786	495
83.4324	-28.9577	12.5543	496
86.6242	-28.9492	14.8301	497
89.816	-28.9407	17.1058	498
75.446	-31.7491	10.2613	499
78.6378	-31.7406	12.5371	500
81.8296	-31.732	14.8128	501
100.995	-15.0571	14.8788	502
96.2008	-17.8399	14.8615	503
99.3926	-17.8313	17.1372	504
88.2144	-20.6312	12.5685	505
91.4062	-20.6227	14.8443	506
94.5979	-20.6141	17.12	507
97.7897	-20.6056	19.3957	508
80.228	-23.4226	10.2755	509
83.4198	-23.4141	12.5513	510
86.6116	-23.4055	14.827	511
89.8033	-23.397	17.1027	512
75.4334	-26.2054	10.2583	513
78.6252	-26.1969	12.534	514
81.8169	-26.1883	14.8097	515
67.447	-28.9968	7.96525	516
70.6388	-28.9882	10.241	517
73.8305	-28.9797	12.5167	518
77.0223	-28.9711	14.7924	519
59.4606	-31.7881	5.67225	520
62.6524	-31.7796	7.94798	521
65.8441	-31.771	10.2237	522
69.0359	-31.7625	12.4994	523
100.983	-9.51336	14.8757	524
96.1882	-12.2962	14.8584	525
99.3799	-12.2876	17.1342	526
88.2018	-15.0875	12.5654	527
91.3935	-15.079	14.8412	528
94.5853	-15.0704	17.1169	529
97.7771	-15.0619	19.3926	530
80.2154	-17.8789	10.2724	531
83.4071	-17.8703	12.5482	532
86.5989	-17.8618	14.8239	533
89.7907	-17.8533	17.0996	534
75.4207	-20.6617	10.2552	535
78.6125	-20.6532	12.5309	536
81.8043	-20.6446	14.8066	537
67.4344	-23.4531	7.96217	538
70.6261	-23.4445	10.2379	539
73.8179	-23.436	12.5136	540
77.0097	-23.4274	14.7894	541
59.448	-26.2444	5.66917	542
62.6397	-26.2359	7.94491	543
65.8315	-26.2273	10.2206	544
69.0233	-26.2188	12.4964	545
51.4616	-29.0358	3.37617	546
54.6533	-29.0272	5.65191	547
57.8451	-29.0187	7.92764	548
61.0369	-29.0102	10.2034	549
46.6669	-31.8186	3.35891	550
49.8587	-31.8101	5.63464	551
53.0505	-31.8015	7.91037	552
56.2422	-31.793	10.1861	553
100.97	-3.96966	14.8726	554
96.1755	-6.75247	14.8554	555
99.3673	-6.74393	17.1311	556
88.1891	-9.54383	12.5624	557
91.3809	-9.53529	14.8381	558
94.5726	-9.52674	17.1138	559
97.7644	-9.5182	19.3896	560
80.2027	-12.3352	10.2694	561
83.3945	-12.3266	12.5451	562
86.5863	-12.3181	14.8208	563
89.778	-12.3096	17.0966	564
75.4081	-15.118	10.2521	565
78.5999	-15.1095	12.5278	566
81.7916	-15.1009	14.8036	567
67.4217	-17.9094	7.9591	568
70.6135	-17.9008	10.2348	569
73.8052	-17.8923	12.5106	570
76.997	-17.8837	14.7863	571
59.4353	-20.7007	5.6661	572
62.6271	-20.6922	7.94183	573
65.8188	-20.6836	10.2176	574
69.0106	-20.6751	12.4933	575
51.4489	-23.4921	3.37309	576
54.6407	-23.4835	5.64883	577
57.8325	-23.475	7.92456	578
61.0242	-23.4665	10.2003	579
46.6543	-26.2749	3.35583	580
49.8461	-26.2664	5.63156	581
53.0378	-26.2578	7.90729	582
56.2296	-26.2493	10.183	583
38.6679	-29.0663	1.06283	584
41.8597	-29.0577	3.33856	585
45.0514	-29.0492	5.61429	586
48.2432	-29.0406	7.89003	587
33.8733	-31.8491	1.04556	588
37.065	-31.8405	3.32129	589
40.2568	-31.832	5.59703	590
100.957	1.57404	14.8696	591
96.1629	-1.20877	14.8523	592
99.3546	-1.20023	17.128	593
88.1765	-4.00014	12.5593	594
91.3682	-3.99159	14.835	595
94.56	-3.98305	17.1108	596
97.7518	-3.9745	19.3865	597
80.1901	-6.7915	10.2663	598
83.3818	-6.78295	12.542	599
86.5736	-6.77441	14.8178	600
89.7654	-6.76586	17.0935	601
75.3954	-9.57431	10.249	602
78.5872	-9.56577	12.5248	603
81.779	-9.55722	14.8005	604
67.4091	-12.3657	7.95602	605
70.6008	-12.3571	10.2318	606
73.7926	-12.3486	12.5075	607
76.9844	-12.34	14.7832	608
59.4227	-15.157	5.66302	609
62.6144	-15.1485	7.93875	610
65.8062	-15.1399	10.2145	611
68.998	-15.1314	12.4902	612
51.4363	-17.9484	3.37002	613
54.628	-17.9399	5.64575	614
57.8198	-17.9313	7.92148	615
61.0116	-17.9228	10.1972	616
46.6416	-20.7312	3.35275	617
49.8334	-20.7227	5.62848	618
53.0252	-20.7141	7.90422	619
56.2169	-20.7056	10.1799	620
38.6553	-23.5226	1.05975	621
41.847	-23.514	3.33548	622
45.0388	-23.5055	5.61122	623
48.2305	-23.4969	7.88695	624
33.8606	-26.3054	1.04248	625
37.0524	-26.2968	3.31822	626
40.2442	-26.2883	5.59395	627
32.2578	-29.0797	3.30095	628
35.4495	-29.0711	5.57668	629
100.945	7.11774	14.8665	630
96.1502	4.33493	14.8492	631
99.342	4.34347	17.1249	632
88.1638	1.54356	12.5562	633
91.3556	1.55211	14.8319	634
94.5473	1.56066	17.1077	635
97.7391	1.5692	19.3834	636
80.1774	-1.2478	10.2632	637
83.3692	-1.23925	12.5389	638
86.561	-1.23071	14.8147	639
89.7527	-1.22216	17.0904	640
75.3828	-4.03061	10.2459	641
78.5746	-4.02207	12.5217	642
81.7663	-4.01352	14.7974	643
67.3964	-6.82197	7.95294	644
70.5882	-6.81343	10.2287	645
73.7799	-6.80488	12.5044	646
76.9717	-6.79634	14.7801	647
59.41	-9.61334	5.65994	648
62.6018	-9.60479	7.93568	649
65.7935	-9.59624	10.2114	650
68.9853	-9.5877	12.4871	651
51.4236	-12.4047	3.36694	652
54.6154	-12.3962	5.64268	653
57.8072	-12.3876	7.91841	654
60.9989	-12.3791	10.1941	655
46.629	-15.1875	3.34967	656
49.8208	-15.179	5.62541	657
53.0125	-15.1704	7.90114	658
56.2043	-15.1619	10.1769	659
38.6426	-17.9789	1.05667	660
41.8344	-17.9703	3.33241	661
45.0261	-17.9618	5.60814	662
48.2179	-17.9532	7.88387	663
33.848	-20.7617	1.03941	664
37.0397	-20.7531	3.31514	665
40.2315	-20.7446	5.59087	666
32.2451	-23.536	3.29787	667
35.4369	-23.5274	5.57361	668
100.932	12.6614	14.8634	669
96.1376	9.87863	14.8461	670
99.3293	9.88717	17.1219	671
88.1512	7.08726	12.5531	672
91.3429	7.09581	14.8289	673
94.5347	7.10435	17.1046	674
97.7265	7.1129	19.3803	675
80.1648	4.2959	10.2601	676
83.3565	4.30445	12.5359	677
86.5483	4.31299	14.8116	678
89.7401	4.32154	17.0873	679
75.3701	1.51309	10.2429	680
78.5619	1.52163	12.5186	681
81.7537	1.53018	14.7943	682
67.3838	-1.27827	7.94987	683
70.5755	-1.26973	10.2256	684
73.7673	-1.26118	12.5013	685
76.9591	-1.25264	14.7771	686
59.3974	-4.06963	5.65686	687
62.5891	-4.06109	7.9326	688
65.7809	-4.05254	10.2083	689
68.9727	-4.044	12.4841	690
51.411	-6.861	3.36386	691
54.6027	-6.85245	5.6396	692
57.7945	-6.84391	7.91533	693
60.9863	-6.83536	10.1911	694
46.6163	-9.64381	3.3466	695
49.8081	-9.63527	5.62233	696
52.9999	-9.62672	7.89806	697
56.1916	-9.61818	10.1738	698
38.63	-12.4352	1.0536	699
41.8217	-12.4266	3.32933	700
45.0135	-12.4181	5.60506	701
48.2052	-12.4095	7.88079	702
33.8353	-15.218	1.03633	703
37.0271	-15.2094	3.31206	704
40.2189	-15.2009	5.58779	705
32.2325	-17.9923	3.29479	706
35.4242	-17.9837	5.57053	707
100.92	18.2051	14.8603	708
96.1249	15.4223	14.8431	709
99.3167	15.4309	17.1188	710
88.1385	12.631	12.5501	711
91.3303	12.6395	14.8258	712
94.5221	12.6481	17.1015	713
97.7138	12.6566	19.3773	714
80.1521	9.8396	10.2571	715
83.3439	9.84815	12.5328	716
86.5357	9.85669	14.8085	717
89.7274	9.86524	17.0843	718
75.3575	7.05678	10.2398	719
78.5493	7.06533	12.5155	720
81.741	7.07388	14.7913	721
67.3711	4.26542	7.94679	722
70.5629	4.27397	10.2225	723
73.7546	4.28251	12.4983	724
76.9464	4.29106	14.774	725
59.3847	1.47406	5.65379	726
62.5765	1.48261	7.92952	727
65.7682	1.49115	10.2053	728
68.96	1.4997	12.481	729
51.3983	-1.3173	3.36078	730
54.5901	-1.30875	5.63652	731
57.7819	-1.30021	7.91225	732
60.9736	-1.29166	10.188	733
46.6037	-4.10012	3.34352	734
49.7955	-4.09157	5.61925	735
52.9872	-4.08302	7.89498	736
56.179	-4.07448	10.1707	737
38.6173	-6.89148	1.05052	738
41.8091	-6.88293	3.32625	739
45.0008	-6.87439	5.60199	740
48.1926	-6.86584	7.87772	741
33.8227	-9.67429	1.03325	742
37.0144	-9.66575	3.30898	743
40.2062	-9.6572	5.58472	744
32.2198	-12.4486	3.29172	745
35.4116	-12.44	5.56745	746
100.907	23.7488	14.8572	747
96.1123	20.966	14.84	748
99.304	20.9746	17.1157	749
88.1259	18.1747	12.547	750
91.3176	18.1832	14.8227	751
94.5094	18.1918	17.0984	752
97.7012	18.2003	19.3742	753
80.1395	15.3833	10.254	754
83.3312	15.3918	12.5297	755
86.523	15.4004	14.8054	756
89.7148	15.4089	17.0812	757
75.3448	12.6005	10.2367	758
78.5366	12.609	12.5124	759
81.7284	12.6176	14.7882	760
67.3585	9.80912	7.94371	761
70.5502	9.81767	10.2194	762
73.742	9.82621	12.4952	763
76.9338	9.83476	14.7709	764
59.3721	7.01776	5.65071	765
62.5638	7.02631	7.92645	766
65.7556	7.03485	10.2022	767
68.9474	7.0434	12.4779	768
51.3857	4.2264	3.35771	769
54.5774	4.23495	5.63344	770
57.7692	4.24349	7.90918	771
60.961	4.25204	10.1849	772
46.591	1.44359	3.34044	773
49.7828	1.45213	5.61617	774
52.9746	1.46068	7.89191	775
56.1663	1.46922	10.1676	776
38.6047	-1.34778	1.04744	777
41.7964	-1.33923	3.32318	778
44.9882	-1.33069	5.59891	779
48.1799	-1.32214	7.87464	780
33.81	-4.13059	1.03018	781
37.0018	-4.12205	3.30591	782
40.1936	-4.1135	5.58164	783
32.2072	-6.90486	3.28864	784
35.3989	-6.89632	5.56437	785
100.894	29.2925	14.8542	786
96.0996	26.5097	14.8369	787
99.2914	26.5183	17.1126	788
88.1132	23.7184	12.5439	789
91.305	23.7269	14.8196	790
94.4967	23.7355	17.0954	791
97.6885	23.744	19.3711	792
80.1268	20.927	10.2509	793
83.3186	20.9355	12.5266	794
86.5104	20.9441	14.8024	795
89.7021	20.9526	17.0781	796
75.3322	18.1442	10.2336	797
78.524	18.1527	12.5094	798
81.7157	18.1613	14.7851	799
67.3458	15.3528	7.94064	800
70.5376	15.3614	10.2164	801
73.7293	15.3699	12.4921	802
76.9211	15.3785	14.7678	803
59.3594	12.5615	5.64763	804
62.5512	12.57	7.92337	805
65.7429	12.5786	10.1991	806
68.9347	12.5871	12.4748	807
51.373	9.7701	3.35464	808
54.5648	9.77865	5.63037	809
57.7566	9.78719	7.9061	810
60.9483	9.79574	10.1818	811
46.5784	6.98729	3.33737	812
49.7702	6.99583	5.6131	813
52.9619	7.00438	7.88883	814
56.1537	7.01292	10.1646	815
38.592	4.19593	1.04437	816
41.7838	4.20447	3.3201	817
44.9755	4.21302	5.59583	818
48.1673	4.22156	7.87156	819
33.7974	1.41311	1.0271	820
36.9891	1.42165	3.30283	821
40.1809	1.4302	5.57856	822
32.1945	-1.36116	3.28557	823
35.3863	-1.35262	5.5613	824
96.087	32.0534	14.8338	825
99.2787	32.062	17.1096	826
88.1006	29.2621	12.5408	827
91.2923	29.2706	14.8166	828
94.4841	29.2792	17.0923	829
97.6759	29.2877	19.368	830
80.1142	26.4707	10.2478	831
83.3059	26.4792	12.5236	832
86.4977	26.4878	14.7993	833
89.6895	26.4963	17.075	834
75.3195	23.6879	10.2306	835
78.5113	23.6964	12.5063	836
81.7031	23.705	14.782	837
67.3332	20.8965	7.93756	838
70.5249	20.9051	10.2133	839
73.7167	20.9136	12.489	840
76.9085	20.9222	14.7648	841
59.3468	18.1052	5.64456	842
62.5385	18.1137	7.92029	843
65.7303	18.1223	10.196	844
68.9221	18.1308	12.4718	845
51.3604	15.3138	3.35156	846
54.5521	15.3223	5.62729	847
57.7439	15.3309	7.90302	848
60.9357	15.3394	10.1788	849
46.5657	12.531	3.33429	850
49.7575	12.5395	5.61002	851
52.9493	12.5481	7.88576	852
56.141	12.5566	10.1615	853
38.5794	9.73962	1.04129	854
41.7711	9.74817	3.31702	855
44.9629	9.75671	5.59275	856
48.1546	9.76526	7.86849	857
33.7847	6.95681	1.02402	858
36.9765	6.96535	3.29975	859
40.1683	6.9739	5.57548	860
32.1819	4.18254	3.28249	861
35.3736	4.19108	5.55822	862
80.1015	32.0144	10.2447	863
83.2933	32.0229	12.5205	864
86.4851	32.0315	14.7962	865
89.6768	32.04	17.0719	866
75.3069	29.2316	10.2275	867
78.4987	29.2401	12.5032	868
81.6904	29.2487	14.7789	869
67.3205	26.4402	7.93448	870
70.5123	26.4488	10.2102	871
73.704	26.4573	12.4859	872
76.8958	26.4659	14.7617	873
59.3341	23.6489	5.64148	874
62.5259	23.6574	7.91721	875
65.7176	23.666	10.1929	876
68.9094	23.6745	12.4687	877
51.3477	20.8575	3.34848	878
54.5395	20.866	5.62421	879
57.7313	20.8746	7.89994	880
60.923	20.8831	10.1757	881
46.5531	18.0747	3.33121	882
49.7449	18.0832	5.60694	883
52.9366	18.0918	7.88268	884
56.1284	18.1003	10.1584	885
38.5667	15.2833	1.03821	886
41.7585	15.2919	3.31394	887
44.9502	15.3004	5.58968	888
48.142	15.309	7.86541	889
33.7721	12.5005	1.02094	890
36.9638	12.509	3.29668	891
40.1556	12.5176	5.57241	892
32.1692	9.72624	3.27941	893
35.361	9.73478	5.55514	894
67.3079	31.9839	7.9314	895
70.4996	31.9925	10.2071	896
73.6914	32.001	12.4829	897
76.8832	32.0096	14.7586	898
59.3215	29.1926	5.6384	899
62.5132	29.2011	7.91414	900
65.705	29.2097	10.1899	901
68.8968	29.2182	12.4656	902
51.3351	26.4012	3.3454	903
54.5268	26.4097	5.62113	904
57.7186	26.4183	7.89687	905
60.9104	26.4268	10.1726	906
46.5404	23.6184	3.32813	907
49.7322	23.6269	5.60387	908
52.924	23.6355	7.8796	909
56.1157	23.644	10.1553	910
38.5541	20.827	1.03513	911
41.7458	20.8356	3.31087	912
44.9376	20.8441	5.5866	913
48.1293	20.8527	7.86233	914
33.7594	18.0442	1.01787	915
36.9512	18.0527	3.2936	916
40.143	18.0613	5.56933	917
32.1566	15.2699	3.27633	918
35.3483	15.2785	5.55206	919
51.3224	31.9449	3.34233	920
54.5142	31.9534	5.61806	921
57.706	31.962	7.89379	922
60.8977	31.9705	10.1695	923
46.5278	29.1621	3.32506	924
49.7196	29.1706	5.60079	925
52.9113	29.1792	7.87652	926
56.1031	29.1877	10.1523	927
38.5414	26.3707	1.03206	928
41.7332	26.3793	3.30779	929
44.9249	26.3878	5.58352	930
48.1167	26.3964	7.85926	931
33.7468	23.5879	1.01479	932
36.9385	23.5965	3.29052	933
40.1303	23.605	5.56626	934
32.1439	20.8136	3.27326	935
35.3357	20.8222	5.54899	936
38.5288	31.9144	1.02898	937
41.7205	31.923	3.30471	938
44.9123	31.9315	5.58044	939
48.1041	31.9401	7.85618	940
33.7341	29.1316	1.01171	941
36.9259	29.1401	3.28745	942
40.1177	29.1487	5.56318	943
32.1313	26.3573	3.27018	944
35.323	26.3659	5.54591	945
32.1186	31.901	3.2671	946
35.3104	31.9096	5.54283	947
101.027	-28.9163	14.8865	948
96.2324	-31.6991	14.8692	949
99.4242	-31.6906	17.1449	950
101.014	-23.3726	14.8834	951
96.2198	-26.1554	14.8661	952
99.4115	-26.1469	17.1419	953
88.2334	-28.9468	12.5731	954
91.4252	-28.9382	14.8489	955
94.6169	-28.9297	17.1246	956
97.8087	-28.9211	19.4003	957
80.247	-31.7381	10.2801	958
83.4388	-31.7296	12.5559	959
86.6305	-31.7211	14.8316	960
89.8223	-31.7125	17.1073	961
101.002	-17.8289	14.8803	962
96.2071	-20.6117	14.8631	963
99.3989	-20.6032	17.1388	964
88.2207	-23.4031	12.5701	965
91.4125	-23.3945	14.8458	966
94.6043	-23.386	17.1215	967
97.796	-23.3774	19.3973	968
80.2343	-26.1944	10.2771	969
83.4261	-26.1859	12.5528	970
86.6179	-26.1774	14.8285	971
89.8096	-26.1688	17.1043	972
75.4397	-28.9773	10.2598	973
78.6315	-28.9687	12.5355	974
81.8233	-28.9602	14.8113	975
67.4533	-31.7686	7.96679	976
70.6451	-31.7601	10.2425	977
73.8369	-31.7515	12.5183	978
77.0286	-31.743	14.794	979
100.989	-12.2852	14.8772	980
96.1945	-15.068	14.86	981
99.3862	-15.0595	17.1357	982
88.2081	-17.8594	12.567	983
91.3999	-17.8508	14.8427	984
94.5916	-17.8423	17.1184	985
97.7834	-17.8337	19.3942	986
80.2217	-20.6507	10.274	987
83.4135	-20.6422	12.5497	988
86.6052	-20.6337	14.8254	989
89.797	-20.6251	17.1012	990
75.4271	-23.4336	10.2567	991
78.6188	-23.425	12.5324	992
81.8106	-23.4165	14.8082	993
67.4407	-26.2249	7.96371	994
70.6324	-26.2164	10.2394	995
73.8242	-26.2078	12.5152	996
77.016	-26.1993	14.7909	997
59.4543	-29.0163	5.67071	998
62.6461	-29.0077	7.94645	999
65.8378	-28.9992	10.2222	1000
69.0296	-28.9906	12.4979	1001
51.4679	-31.8076	3.37771	1002
54.6597	-31.7991	5.65345	1003
57.8514	-31.7906	7.92918	1004
61.0432	-31.782	10.2049	1005
100.976	-6.74151	14.8742	1006
96.1818	-9.52432	14.8569	1007
99.3736	-9.51578	17.1326	1008
88.1954	-12.3157	12.5639	1009
91.3872	-12.3071	14.8396	1010
94.579	-12.2986	17.1154	1011
97.7707	-12.29	19.3911	1012
80.2091	-15.107	10.2709	1013
83.4008	-15.0985	12.5466	1014
86.5926	-15.09	14.8224	1015
89.7843	-15.0814	17.0981	1016
75.4144	-17.8899	10.2536	1017
78.6062	-17.8813	12.5294	1018
81.798	-17.8728	14.8051	1019
67.428	-20.6812	7.96063	1020
70.6198	-20.6727	10.2364	1021
73.8116	-20.6641	12.5121	1022
77.0033	-20.6556	14.7878	1023
59.4416	-23.4726	5.66763	1024
62.6334	-23.464	7.94337	1025
65.8252	-23.4555	10.2191	1026
69.0169	-23.4469	12.4948	1027
51.4552	-26.2639	3.37463	1028
54.647	-26.2554	5.65037	1029
57.8388	-26.2469	7.9261	1030
61.0305	-26.2383	10.2018	1031
46.6606	-29.0468	3.35737	1032
49.8524	-29.0382	5.6331	1033
53.0442	-29.0297	7.90883	1034
56.2359	-29.0211	10.1846	1035
38.6742	-31.8381	1.06437	1036
41.866	-31.8296	3.3401	1037
45.0578	-31.821	5.61583	1038
48.2495	-31.8125	7.89156	1039
100.964	-1.19781	14.8711	1040
96.1692	-3.98062	14.8538	1041
99.3609	-3.97208	17.1296	1042
88.1828	-6.77199	12.5608	1043
91.3746	-6.76344	14.8366	1044
94.5663	-6.75489	17.1123	1045
97.7581	-6.74635	19.388	1046
80.1964	-9.56335	10.2678	1047
83.3882	-9.5548	12.5436	1048
86.5799	-9.54625	14.8193	1049
89.7717	-9.53771	17.095	1050
75.4018	-12.3462	10.2506	1051
78.5935	-12.3376	12.5263	1052
81.7853	-12.3291	14.802	1053
67.4154	-15.1375	7.95756	1054
70.6071	-15.129	10.2333	1055
73.7989	-15.1204	12.509	1056
76.9907	-15.1119	14.7848	1057
59.429	-17.9289	5.66456	1058
62.6208	-17.9203	7.94029	1059
65.8125	-17.9118	10.216	1060
69.0043	-17.9032	12.4918	1061
51.4426	-20.7202	3.37156	1062
54.6344	-20.7117	5.64729	1063
57.8261	-20.7032	7.92302	1064
61.0179	-20.6946	10.1988	1065
46.648	-23.5031	3.35429	1066
49.8397	-23.4945	5.63002	1067
53.0315	-23.486	7.90576	1068
56.2233	-23.4774	10.1815	1069
38.6616	-26.2944	1.06129	1070
41.8533	-26.2859	3.33702	1071
45.0451	-26.2773	5.61276	1072
48.2369	-26.2688	7.88849	1073
33.8669	-29.0772	1.04402	1074
37.0587	-29.0687	3.31976	1075
40.2505	-29.0601	5.59549	1076
32.2641	-31.8515	3.30249	1077
35.4559	-31.843	5.57822	1078
100.951	4.34589	14.868	1079
96.1565	1.56308	14.8507	1080
99.3483	1.57162	17.1265	1081
88.1701	-1.22829	12.5577	1082
91.3619	-1.21974	14.8335	1083
94.5537	-1.2112	17.1092	1084
97.7454	-1.20265	19.3849	1085
80.1838	-4.01965	10.2647	1086
83.3755	-4.0111	12.5405	1087
86.5673	-4.00256	14.8162	1088
89.759	-3.99401	17.0919	1089
75.3891	-6.80246	10.2475	1090
78.5809	-6.79392	12.5232	1091
81.7727	-6.78537	14.7989	1092
67.4027	-9.59383	7.95448	1093
70.5945	-9.58528	10.2302	1094
73.7863	-9.57673	12.5059	1095
76.978	-9.56819	14.7817	1096
59.4163	-12.3852	5.66148	1097
62.6081	-12.3766	7.93722	1098
65.7999	-12.3681	10.2129	1099
68.9916	-12.3596	12.4887	1100
51.4299	-15.1765	3.36848	1101
54.6217	-15.168	5.64421	1102
57.8135	-15.1595	7.91995	1103
61.0052	-15.1509	10.1957	1104
46.6353	-17.9594	3.35121	1105
49.8271	-17.9508	5.62694	1106
53.0189	-17.9423	7.90268	1107
56.2106	-17.9337	10.1784	1108
38.6489	-20.7507	1.05821	1109
41.8407	-20.7422	3.33395	1110
45.0325	-20.7336	5.60968	1111
48.2242	-20.7251	7.88541	1112
33.8543	-23.5335	1.04095	1113
37.0461	-23.525	3.31668	1114
40.2378	-23.5165	5.59241	1115
32.2514	-26.3078	3.29941	1116
35.4432	-26.2993	5.57514	1117
100.939	9.88959	14.8649	1118
96.1439	7.10678	14.8477	1119
99.3356	7.11532	17.1234	1120
88.1575	4.31541	12.5547	1121
91.3493	4.32396	14.8304	1122
94.541	4.33251	17.1061	1123
97.7328	4.34105	19.3819	1124
80.1711	1.52405	10.2617	1125
83.3629	1.5326	12.5374	1126
86.5546	1.54114	14.8131	1127
89.7464	1.54969	17.0889	1128
75.3765	-1.25876	10.2444	1129
78.5682	-1.25022	12.5201	1130
81.76	-1.24167	14.7959	1131
67.3901	-4.05012	7.9514	1132
70.5818	-4.04158	10.2271	1133
73.7736	-4.03303	12.5029	1134
76.9654	-4.02449	14.7786	1135
59.4037	-6.84149	5.6584	1136
62.5955	-6.83294	7.93414	1137
65.7872	-6.82439	10.2099	1138
68.979	-6.81585	12.4856	1139
51.4173	-9.63285	3.36541	1140
54.6091	-9.6243	5.64114	1141
57.8008	-9.61576	7.91687	1142
60.9926	-9.60721	10.1926	1143
46.6227	-12.4157	3.34814	1144
49.8144	-12.4071	5.62387	1145
53.0062	-12.3986	7.8996	1146
56.198	-12.39	10.1753	1147
38.6363	-15.207	1.05514	1148
41.828	-15.1985	3.33087	1149
45.0198	-15.1899	5.6066	1150
48.2116	-15.1814	7.88233	1151
33.8416	-17.9898	1.03787	1152
37.0334	-17.9813	3.3136	1153
40.2252	-17.9727	5.58933	1154
32.2388	-20.7641	3.29634	1155
35.4306	-20.7556	5.57207	1156
100.926	15.4333	14.8619	1157
96.1312	12.6505	14.8446	1158
99.323	12.659	17.1203	1159
88.1448	9.85911	12.5516	1160
91.3366	9.86766	14.8273	1161
94.5284	9.8762	17.1031	1162
97.7201	9.88475	19.3788	1163
80.1585	7.06775	10.2586	1164
83.3502	7.0763	12.5343	1165
86.542	7.08484	14.8101	1166
89.7337	7.09339	17.0858	1167
75.3638	4.28493	10.2413	1168
78.5556	4.29348	12.5171	1169
81.7474	4.30203	14.7928	1170
67.3774	1.49357	7.94833	1171
70.5692	1.50212	10.2241	1172
73.761	1.51066	12.4998	1173
76.9527	1.51921	14.7755	1174
59.391	-1.29779	5.65533	1175
62.5828	-1.28924	7.93106	1176
65.7746	-1.2807	10.2068	1177
68.9663	-1.27215	12.4825	1178
51.4046	-4.08915	3.36233	1179
54.5964	-4.0806	5.63806	1180
57.7882	-4.07206	7.91379	1181
60.9799	-4.06351	10.1895	1182
46.61	-6.87197	3.34506	1183
49.8018	-6.86342	5.62079	1184
52.9936	-6.85488	7.89653	1185
56.1853	-6.84633	10.1723	1186
38.6236	-9.66333	1.05206	1187
41.8154	-9.65478	3.32779	1188
45.0072	-9.64624	5.60352	1189
48.1989	-9.63769	7.87926	1190
33.829	-12.4461	1.03479	1191
37.0208	-12.4376	3.31052	1192
40.2125	-12.429	5.58625	1193
32.2261	-15.2204	3.29326	1194
35.4179	-15.2119	5.56899	1195
100.913	20.977	14.8588	1196
96.1186	18.1942	14.8415	1197
99.3104	18.2027	17.1172	1198
88.1322	15.4028	12.5485	1199
91.324	15.4114	14.8242	1200
94.5157	15.4199	17.1	1201
97.7075	15.4284	19.3757	1202
80.1458	12.6114	10.2555	1203
83.3376	12.62	12.5312	1204
86.5293	12.6285	14.807	1205
89.7211	12.6371	17.0827	1206
75.3512	9.82863	10.2382	1207
78.5429	9.83718	12.514	1208
81.7347	9.84572	14.7897	1209
67.3648	7.03727	7.94525	1210
70.5565	7.04582	10.221	1211
73.7483	7.05436	12.4967	1212
76.9401	7.06291	14.7724	1213
59.3784	4.24591	5.65225	1214
62.5702	4.25446	7.92798	1215
65.7619	4.263	10.2037	1216
68.9537	4.27155	12.4794	1217
51.392	1.45455	3.35925	1218
54.5838	1.4631	5.63498	1219
57.7755	1.47164	7.91071	1220
60.9673	1.48019	10.1864	1221
46.5974	-1.32827	3.34198	1222
49.7891	-1.31972	5.61771	1223
52.9809	-1.31118	7.89345	1224
56.1727	-1.30263	10.1692	1225
38.611	-4.11963	1.04898	1226
41.8027	-4.11108	3.32471	1227
44.9945	-4.10254	5.60045	1228
48.1863	-4.09399	7.87618	1229
33.8164	-6.90244	1.03171	1230
37.0081	-6.8939	3.30745	1231
40.1999	-6.88535	5.58318	1232
32.2135	-9.67671	3.29018	1233
35.4053	-9.66817	5.56591	1234
100.901	26.5207	14.8557	1235
96.1059	23.7379	14.8384	1236
99.2977	23.7464	17.1142	1237
88.1195	20.9465	12.5454	1238
91.3113	20.9551	14.8212	1239
94.5031	20.9636	17.0969	1240
97.6948	20.9721	19.3726	1241
80.1332	18.1551	10.2524	1242
83.3249	18.1637	12.5282	1243
86.5167	18.1722	14.8039	1244
89.7084	18.1808	17.0796	1245
75.3385	15.3723	10.2352	1246
78.5303	15.3809	12.5109	1247
81.7221	15.3894	14.7866	1248
67.3521	12.581	7.94217	1249
70.5439	12.5895	10.2179	1250
73.7357	12.5981	12.4936	1251
76.9274	12.6066	14.7694	1252
59.3657	9.78961	5.64917	1253
62.5575	9.79816	7.92491	1254
65.7493	9.8067	10.2006	1255
68.941	9.81525	12.4764	1256
51.3793	6.99825	3.35617	1257
54.5711	7.00679	5.63191	1258
57.7629	7.01534	7.90764	1259
60.9546	7.02389	10.1834	1260
46.5847	4.21543	3.3389	1261
49.7765	4.22398	5.61464	1262
52.9683	4.23253	7.89037	1263
56.16	4.24107	10.1661	1264
38.5983	1.42407	1.0459	1265
41.7901	1.43262	3.32164	1266
44.9819	1.44116	5.59737	1267
48.1736	1.44971	7.8731	1268
33.8037	-1.35875	1.02864	1269
36.9955	-1.3502	3.30437	1270
40.1872	-1.34165	5.5801	1271
32.2008	-4.13301	3.2871	1272
35.3926	-4.12447	5.56283	1273
100.888	32.0644	14.8526	1274
96.0933	29.2816	14.8354	1275
99.2851	29.2901	17.1111	1276
88.1069	26.4902	12.5424	1277
91.2987	26.4988	14.8181	1278
94.4904	26.5073	17.0938	1279
97.6822	26.5158	19.3696	1280
80.1205	23.6989	10.2494	1281
83.3123	23.7074	12.5251	1282
86.504	23.7159	14.8008	1283
89.6958	23.7245	17.0766	1284
75.3259	20.916	10.2321	1285
78.5176	20.9246	12.5078	1286
81.7094	20.9331	14.7836	1287
67.3395	18.1247	7.9391	1288
70.5312	18.1332	10.2148	1289
73.723	18.1418	12.4906	1290
76.9148	18.1503	14.7663	1291
59.3531	15.3333	5.6461	1292
62.5449	15.3419	7.92183	1293
65.7366	15.3504	10.1976	1294
68.9284	15.3589	12.4733	1295
51.3667	12.5419	3.3531	1296
54.5585	12.5505	5.62883	1297
57.7502	12.559	7.90456	1298
60.942	12.5676	10.1803	1299
46.5721	9.75913	3.33583	1300
49.7638	9.76768	5.61156	1301
52.9556	9.77623	7.88729	1302
56.1474	9.78477	10.163	1303
38.5857	6.96777	1.04283	1304
41.7774	6.97632	3.31856	1305
44.9692	6.98487	5.59429	1306
48.161	6.99341	7.87002	1307
33.791	4.18496	1.02556	1308
36.9828	4.1935	3.30129	1309
40.1746	4.20205	5.57703	1310
32.1882	1.41068	3.28403	1311
35.38	1.41923	5.55976	1312
88.0942	32.0339	12.5393	1313
91.286	32.0425	14.815	1314
94.4778	32.051	17.0908	1315
97.6695	32.0595	19.3665	1316
80.1079	29.2425	10.2463	1317
83.2996	29.2511	12.522	1318
86.4914	29.2596	14.7977	1319
89.6831	29.2682	17.0735	1320
75.3132	26.4597	10.229	1321
78.505	26.4683	12.5048	1322
81.6968	26.4768	14.7805	1323
67.3268	23.6684	7.93602	1324
70.5186	23.6769	10.2117	1325
73.7104	23.6855	12.4875	1326
76.9021	23.694	14.7632	1327
59.3404	20.877	5.64302	1328
62.5322	20.8856	7.91875	1329
65.724	20.8941	10.1945	1330
68.9157	20.9026	12.4702	1331
51.354	18.0856	3.35002	1332
54.5458	18.0942	5.62575	1333
57.7376	18.1027	7.90148	1334
60.9293	18.1113	10.1772	1335
46.5594	15.3028	3.33275	1336
49.7512	15.3114	5.60848	1337
52.943	15.3199	7.88422	1338
56.1347	15.3285	10.1599	1339
38.573	12.5115	1.03975	1340
41.7648	12.52	3.31548	1341
44.9566	12.5286	5.59121	1342
48.1483	12.5371	7.86695	1343
33.7784	9.72866	1.02248	1344
36.9702	9.7372	3.29821	1345
40.1619	9.74575	5.57395	1346
32.1755	6.95438	3.28095	1347
35.3673	6.96293	5.55668	1348
75.3006	32.0034	10.2259	1349
78.4923	32.012	12.5017	1350
81.6841	32.0205	14.7774	1351
67.3142	29.2121	7.93294	1352
70.5059	29.2206	10.2087	1353
73.6977	29.2292	12.4844	1354
76.8895	29.2377	14.7601	1355
59.3278	26.4207	5.63994	1356
62.5196	26.4293	7.91567	1357
65.7113	26.4378	10.1914	1358
68.9031	26.4463	12.4671	1359
51.3414	23.6293	3.34694	1360
54.5332	23.6379	5.62267	1361
57.7249	23.6464	7.8984	1362
60.9167	23.655	10.1741	1363
46.5468	20.8465	3.32967	1364
49.7385	20.8551	5.6054	1365
52.9303	20.8636	7.88114	1366
56.1221	20.8722	10.1569	1367
38.5604	18.0552	1.03667	1368
41.7521	18.0637	3.3124	1369
44.9439	18.0723	5.58814	1370
48.1357	18.0808	7.86387	1371
33.7658	15.2724	1.0194	1372
36.9575	15.2809	3.29514	1373
40.1493	15.2894	5.57087	1374
32.1629	12.4981	3.27787	1375
35.3547	12.5066	5.5536	1376
59.3151	31.9644	5.63686	1377
62.5069	31.973	7.9126	1378
65.6987	31.9815	10.1883	1379
68.8904	31.99	12.4641	1380
51.3287	29.173	3.34386	1381
54.5205	29.1816	5.6196	1382
57.7123	29.1901	7.89533	1383
60.904	29.1987	10.1711	1384
46.5341	26.3902	3.3266	1385
49.7259	26.3988	5.60233	1386
52.9177	26.4073	7.87806	1387
56.1094	26.4159	10.1538	1388
38.5477	23.5989	1.03359	1389
41.7395	23.6074	3.30933	1390
44.9313	23.616	5.58506	1391
48.123	23.6245	7.86079	1392
33.7531	20.8161	1.01633	1393
36.9449	20.8246	3.29206	1394
40.1366	20.8331	5.56779	1395
32.1502	18.0418	3.27479	1396
35.342	18.0503	5.55053	1397
46.5215	31.9339	3.32352	1398
49.7132	31.9425	5.59925	1399
52.905	31.951	7.87498	1400
56.0968	31.9596	10.1507	1401
38.5351	29.1426	1.03052	1402
41.7268	29.1511	3.30625	1403
44.9186	29.1597	5.58198	1404
48.1104	29.1682	7.85772	1405
33.7405	26.3598	1.01325	1406
36.9322	26.3683	3.28898	1407
40.124	26.3768	5.56472	1408
32.1376	23.5855	3.27172	1409
35.3294	23.594	5.54745	1410
33.7278	31.9035	1.01017	1411
36.9196	31.912	3.28591	1412
40.1113	31.9205	5.56164	1413
32.1249	29.1292	3.26864	1414
35.3167	29.1377	5.54437	1415
98.6297	-30.3077	14.8778	1416
98.6171	-24.764	14.8748	1417
90.6307	-27.5554	12.5818	1418
93.8225	-27.5468	14.8575	1419
97.0142	-27.5383	17.1332	1420
100.206	-27.5297	19.409	1421
85.8361	-30.3382	12.5645	1422
89.0278	-30.3296	14.8402	1423
92.2196	-30.3211	17.116	1424
98.6044	-19.2203	14.8717	1425
90.6181	-22.0117	12.5787	1426
93.8098	-22.0031	14.8544	1427
97.0016	-21.9946	17.1302	1428
100.193	-21.986	19.4059	1429
85.8234	-24.7945	12.5614	1430
89.0152	-24.7859	14.8372	1431
92.207	-24.7774	17.1129	1432
77.837	-27.5859	10.2684	1433
81.0288	-27.5773	12.5442	1434
84.2206	-27.5688	14.8199	1435
87.4123	-27.5602	17.0956	1436
69.8506	-30.3772	7.97542	1437
73.0424	-30.3687	10.2512	1438
76.2342	-30.3601	12.5269	1439
79.4259	-30.3516	14.8026	1440
98.5918	-13.6766	14.8686	1441
90.6054	-16.468	12.5756	1442
93.7972	-16.4594	14.8513	1443
96.9889	-16.4509	17.1271	1444
100.181	-16.4423	19.4028	1445
85.8108	-19.2508	12.5583	1446
89.0025	-19.2422	14.8341	1447
92.1943	-19.2337	17.1098	1448
77.8244	-22.0422	10.2653	1449
81.0162	-22.0336	12.5411	1450
84.2079	-22.0251	14.8168	1451
87.3997	-22.0165	17.0925	1452
69.838	-24.8335	7.97235	1453
73.0298	-24.825	10.2481	1454
76.2215	-24.8164	12.5238	1455
79.4133	-24.8079	14.7995	1456
61.8516	-27.6249	5.67935	1457
65.0434	-27.6163	7.95508	1458
68.2351	-27.6078	10.2308	1459
71.4269	-27.5992	12.5065	1460
57.057	-30.4077	5.66208	1461
60.2487	-30.3991	7.93781	1462
63.4405	-30.3906	10.2135	1463
66.6323	-30.3821	12.4893	1464
98.5791	-8.13292	14.8655	1465
90.5928	-10.9243	12.5725	1466
93.7845	-10.9157	14.8483	1467
96.9763	-10.9072	17.124	1468
100.168	-10.8986	19.3997	1469
85.7981	-13.7071	12.5553	1470
88.9899	-13.6985	14.831	1471
92.1817	-13.69	17.1067	1472
77.8117	-16.4985	10.2623	1473
81.0035	-16.4899	12.538	1474
84.1953	-16.4814	14.8137	1475
87.387	-16.4728	17.0895	1476
69.8253	-19.2898	7.96927	1477
73.0171	-19.2813	10.245	1478
76.2089	-19.2727	12.5207	1479
79.4006	-19.2642	14.7965	1480
61.839	-22.0812	5.67627	1481
65.0307	-22.0726	7.952	1482
68.2225	-22.0641	10.2277	1483
71.4142	-22.0555	12.5035	1484
57.0443	-24.864	5.659	1485
60.2361	-24.8554	7.93473	1486
63.4279	-24.8469	10.2105	1487
66.6196	-24.8384	12.4862	1488
49.0579	-27.6554	3.366	1489
52.2497	-27.6468	5.64173	1490
55.4415	-27.6383	7.91747	1491
58.6332	-27.6297	10.1932	1492
41.0715	-30.4467	1.073	1493
44.2633	-30.4382	3.34873	1494
47.4551	-30.4296	5.62447	1495
50.6468	-30.4211	7.9002	1496
98.5665	-2.58921	14.8625	1497
90.5801	-5.38058	12.5695	1498
93.7719	-5.37203	14.8452	1499
96.9636	-5.36349	17.1209	1500
100.155	-5.35494	19.3967	1501
85.7855	-8.16339	12.5522	1502
88.9772	-8.15485	14.8279	1503
92.169	-8.1463	17.1037	1504
77.7991	-10.9548	10.2592	1505
80.9909	-10.9462	12.5349	1506
84.1826	-10.9377	14.8107	1507
87.3744	-10.9291	17.0864	1508
69.8127	-13.7461	7.96619	1509
73.0045	-13.7376	10.2419	1510
76.1962	-13.729	12.5177	1511
79.388	-13.7205	14.7934	1512
61.8263	-16.5375	5.67319	1513
65.0181	-16.5289	7.94893	1514
68.2098	-16.5204	10.2247	1515
71.4016	-16.5118	12.5004	1516
57.0317	-19.3203	5.65592	1517
60.2234	-19.3117	7.93166	1518
63.4152	-19.3032	10.2074	1519
66.607	-19.2947	12.4831	1520
49.0453	-22.1117	3.36292	1521
52.237	-22.1031	5.63866	1522
55.4288	-22.0946	7.91439	1523
58.6206	-22.086	10.1901	1524
41.0589	-24.903	1.06992	1525
44.2507	-24.8945	3.34566	1526
47.4424	-24.8859	5.62139	1527
50.6342	-24.8774	7.89712	1528
36.2643	-27.6858	1.05266	1529
39.456	-27.6773	3.32839	1530
42.6478	-27.6687	5.60412	1531
45.8396	-27.6602	7.87986	1532
31.4696	-30.4686	1.03539	1533
34.6614	-30.4601	3.31112	1534
37.8532	-30.4516	5.58685	1535
98.5538	2.95448	14.8594	1536
90.5675	0.163122	12.5664	1537
93.7592	0.171668	14.8421	1538
96.951	0.180213	17.1178	1539
100.143	0.188759	19.3936	1540
85.7728	-2.6197	12.5491	1541
88.9646	-2.61115	14.8248	1542
92.1564	-2.6026	17.1006	1543
77.7864	-5.41106	10.2561	1544
80.9782	-5.40251	12.5318	1545
84.17	-5.39396	14.8076	1546
87.3617	-5.38542	17.0833	1547
69.8	-8.20242	7.96311	1548
72.9918	-8.19387	10.2388	1549
76.1836	-8.18532	12.5146	1550
79.3753	-8.17678	14.7903	1551
61.8137	-10.9938	5.67011	1552
65.0054	-10.9852	7.94585	1553
68.1972	-10.9767	10.2216	1554
71.3889	-10.9681	12.4973	1555
57.019	-13.7766	5.65285	1556
60.2108	-13.768	7.92858	1557
63.4026	-13.7595	10.2043	1558
66.5943	-13.751	12.48	1559
49.0326	-16.568	3.35985	1560
52.2244	-16.5594	5.63558	1561
55.4162	-16.5509	7.91131	1562
58.6079	-16.5423	10.187	1563
41.0462	-19.3593	1.06685	1564
44.238	-19.3508	3.34258	1565
47.4298	-19.3422	5.61831	1566
50.6215	-19.3337	7.89404	1567
36.2516	-22.1421	1.04958	1568
39.4434	-22.1336	3.32531	1569
42.6351	-22.125	5.60104	1570
45.8269	-22.1165	7.87678	1571
31.457	-24.9249	1.03231	1572
34.6488	-24.9164	3.30804	1573
37.8405	-24.9079	5.58378	1574
29.8541	-27.6992	3.29078	1575
98.5412	8.49819	14.8563	1576
90.5548	5.70682	12.5633	1577
93.7466	5.71537	14.839	1578
96.9383	5.72391	17.1148	1579
100.13	5.73246	19.3905	1580
85.7602	2.92401	12.546	1581
88.9519	2.93255	14.8218	1582
92.1437	2.9411	17.0975	1583
77.7738	0.132644	10.253	1584
80.9656	0.14119	12.5288	1585
84.1573	0.149735	14.8045	1586
87.3491	0.158281	17.0802	1587
69.7874	-2.65872	7.96004	1588
72.9792	-2.65017	10.2358	1589
76.1709	-2.64162	12.5115	1590
79.3627	-2.63308	14.7872	1591
61.801	-5.45008	5.66704	1592
64.9928	-5.44153	7.94277	1593
68.1845	-5.43298	10.2185	1594
71.3763	-5.42444	12.4942	1595
57.0064	-8.23289	5.64977	1596
60.1981	-8.22435	7.9255	1597
63.3899	-8.2158	10.2012	1598
66.5817	-8.20726	12.477	1599
49.02	-11.0243	3.35677	1600
52.2117	-11.0157	5.6325	1601
55.4035	-11.0072	7.90824	1602
58.5953	-10.9986	10.184	1603
41.0336	-13.8156	1.06377	1604
44.2254	-13.8071	3.3395	1605
47.4171	-13.7985	5.61524	1606
50.6089	-13.79	7.89097	1607
36.239	-16.5984	1.0465	1608
39.4307	-16.5899	3.32223	1609
42.6225	-16.5813	5.59797	1610
45.8143	-16.5728	7.8737	1611
31.4443	-19.3812	1.02924	1612
34.6361	-19.3727	3.30497	1613
37.8279	-19.3642	5.5807	1614
29.8415	-22.1555	3.2877	1615
98.5285	14.0419	14.8532	1616
90.5422	11.2505	12.5602	1617
93.7339	11.2591	14.836	1618
96.9257	11.2676	17.1117	1619
100.117	11.2762	19.3874	1620
85.7475	8.4677	12.543	1621
88.9393	8.47625	14.8187	1622
92.1311	8.4848	17.0944	1623
77.7611	5.67634	10.25	1624
80.9529	5.68489	12.5257	1625
84.1447	5.69343	14.8014	1626
87.3364	5.70198	17.0772	1627
69.7747	2.88498	7.95696	1628
72.9665	2.89353	10.2327	1629
76.1583	2.90207	12.5084	1630
79.35	2.91062	14.7842	1631
61.7884	0.0936206	5.66396	1632
64.9801	0.102166	7.93969	1633
68.1719	0.110712	10.2154	1634
71.3637	0.119257	12.4912	1635
56.9937	-2.68919	5.64669	1636
60.1855	-2.68065	7.92242	1637
63.3773	-2.6721	10.1982	1638
66.569	-2.66356	12.4739	1639
49.0073	-5.48056	3.35369	1640
52.1991	-5.47201	5.62942	1641
55.3909	-5.46347	7.90516	1642
58.5826	-5.45492	10.1809	1643
41.0209	-8.27192	1.06069	1644
44.2127	-8.26337	3.33643	1645
47.4045	-8.25483	5.61216	1646
50.5962	-8.24628	7.88789	1647
36.2263	-11.0547	1.04342	1648
39.4181	-11.0462	3.31916	1649
42.6098	-11.0376	5.59489	1650
45.8016	-11.0291	7.87062	1651
31.4317	-13.8375	1.02616	1652
34.6235	-13.829	3.30189	1653
37.8152	-13.8205	5.57762	1654
29.8288	-16.6118	3.28462	1655
98.5159	19.5856	14.8501	1656
90.5295	16.7942	12.5571	1657
93.7213	16.8028	14.8329	1658
96.913	16.8113	17.1086	1659
100.105	16.8199	19.3843	1660
85.7349	14.0114	12.5399	1661
88.9266	14.0199	14.8156	1662
92.1184	14.0285	17.0913	1663
77.7485	11.22	10.2469	1664
80.9403	11.2286	12.5226	1665
84.132	11.2371	14.7983	1666
87.3238	11.2457	17.0741	1667
69.7621	8.42868	7.95388	1668
72.9539	8.43723	10.2296	1669
76.1456	8.44577	12.5053	1670
79.3374	8.45432	14.7811	1671
61.7757	5.63732	5.66088	1672
64.9675	5.64586	7.93662	1673
68.1592	5.65441	10.2123	1674
71.351	5.66295	12.4881	1675
56.9811	2.8545	5.64361	1676
60.1728	2.86305	7.91935	1677
63.3646	2.87159	10.1951	1678
66.5564	2.88014	12.4708	1679
48.9947	0.0631426	3.35061	1680
52.1865	0.0716882	5.62635	1681
55.3782	0.0802338	7.90208	1682
58.57	0.0887794	10.1778	1683
41.0083	-2.72822	1.05761	1684
44.2001	-2.71967	3.33335	1685
47.3918	-2.71113	5.60908	1686
50.5836	-2.70258	7.88481	1687
36.2137	-5.51104	1.04035	1688
39.4054	-5.50249	3.31608	1689
42.5972	-5.49395	5.59181	1690
45.789	-5.4854	7.86754	1691
31.419	-8.29385	1.02308	1692
34.6108	-8.28531	3.29881	1693
37.8026	-8.27676	5.57454	1694
29.8162	-11.0681	3.28154	1695
98.5032	25.1293	14.8471	1696
90.5169	22.3379	12.5541	1697
93.7086	22.3465	14.8298	1698
96.9004	22.355	17.1055	1699
100.092	22.3636	19.3813	1700
85.7222	19.5551	12.5368	1701
88.914	19.5636	14.8125	1702
92.1058	19.5722	17.0883	1703
77.7358	16.7637	10.2438	1704
80.9276	16.7723	12.5195	1705
84.1194	16.7808	14.7953	1706
87.3111	16.7894	17.071	1707
69.7494	13.9724	7.95081	1708
72.9412	13.9809	10.2265	1709
76.133	13.9895	12.5023	1710
79.3247	13.998	14.778	1711
61.7631	11.181	5.65781	1712
64.9548	11.1896	7.93354	1713
68.1466	11.1981	10.2093	1714
71.3384	11.2067	12.485	1715
56.9684	8.3982	5.64054	1716
60.1602	8.40675	7.91627	1717
63.352	8.41529	10.192	1718
66.5437	8.42384	12.4677	1719
48.982	5.60684	3.34754	1720
52.1738	5.61539	5.62327	1721
55.3656	5.62393	7.899	1722
58.5573	5.63248	10.1747	1723
40.9956	2.81548	1.05454	1724
44.1874	2.82403	3.33027	1725
47.3792	2.83257	5.606	1726
50.5709	2.84112	7.88173	1727
36.201	0.0326646	1.03727	1728
39.3928	0.0412102	3.313	1729
42.5845	0.0497558	5.58873	1730
45.7763	0.0583014	7.86447	1731
31.4064	-2.75015	1.02	1732
34.5982	-2.74161	3.29574	1733
37.7899	-2.73306	5.57147	1734
29.8035	-5.52442	3.27847	1735
98.4906	30.673	14.844	1736
90.5042	27.8816	12.551	1737
93.696	27.8902	14.8267	1738
96.8877	27.8987	17.1025	1739
100.08	27.9073	19.3782	1740
85.7096	25.0988	12.5337	1741
88.9013	25.1073	14.8095	1742
92.0931	25.1159	17.0852	1743
77.7232	22.3074	10.2407	1744
80.915	22.316	12.5165	1745
84.1067	22.3245	14.7922	1746
87.2985	22.3331	17.0679	1747
69.7368	19.5161	7.94773	1748
72.9286	19.5246	10.2235	1749
76.1203	19.5332	12.4992	1750
79.3121	19.5417	14.7749	1751
61.7504	16.7247	5.65473	1752
64.9422	16.7333	7.93046	1753
68.1339	16.7418	10.2062	1754
71.3257	16.7504	12.4819	1755
56.9558	13.9419	5.63746	1756
60.1475	13.9504	7.91319	1757
63.3393	13.959	10.1889	1758
66.5311	13.9675	12.4647	1759
48.9694	11.1505	3.34446	1760
52.1611	11.1591	5.6202	1761
55.3529	11.1676	7.89593	1762
58.5447	11.1762	10.1717	1763
40.983	8.35918	1.05146	1764
44.1748	8.36773	3.32719	1765
47.3665	8.37627	5.60293	1766
50.5583	8.38482	7.87866	1767
36.1884	5.57637	1.03419	1768
39.3801	5.58491	3.30993	1769
42.5719	5.59346	5.58566	1770
45.7637	5.602	7.86139	1771
31.3937	2.79355	1.01693	1772
34.5855	2.8021	3.29266	1773
37.7773	2.81064	5.56839	1774
29.7909	0.0192778	3.27539	1775
90.4916	33.4253	12.5479	1776
93.6833	33.4339	14.8237	1777
96.8751	33.4424	17.0994	1778
100.067	33.451	19.3751	1779
85.6969	30.6425	12.5307	1780
88.8887	30.651	14.8064	1781
92.0805	30.6596	17.0821	1782
77.7105	27.8511	10.2377	1783
80.9023	27.8597	12.5134	1784
84.0941	27.8682	14.7891	1785
87.2858	27.8768	17.0648	1786
69.7241	25.0598	7.94465	1787
72.9159	25.0683	10.2204	1788
76.1077	25.0769	12.4961	1789
79.2994	25.0854	14.7718	1790
61.7378	22.2684	5.65165	1791
64.9295	22.277	7.92738	1792
68.1213	22.2855	10.2031	1793
71.3131	22.2941	12.4788	1794
56.9431	19.4856	5.63438	1795
60.1349	19.4941	7.91012	1796
63.3267	19.5027	10.1858	1797
66.5184	19.5112	12.4616	1798
48.9567	16.6942	3.34138	1799
52.1485	16.7028	5.61712	1800
55.3403	16.7113	7.89285	1801
58.532	16.7199	10.1686	1802
40.9703	13.9029	1.04838	1803
44.1621	13.9114	3.32412	1804
47.3539	13.92	5.59985	1805
50.5456	13.9285	7.87558	1806
36.1757	11.1201	1.03112	1807
39.3675	11.1286	3.30685	1808
42.5592	11.1372	5.58258	1809
45.751	11.1457	7.85831	1810
31.3811	8.33725	1.01385	1811
34.5729	8.34579	3.28958	1812
37.7646	8.35434	5.56531	1813
29.7782	5.56298	3.27231	1814
77.6979	33.3948	10.2346	1815
80.8897	33.4034	12.5103	1816
84.0814	33.4119	14.786	1817
87.2732	33.4205	17.0618	1818
69.7115	30.6035	7.94157	1819
72.9033	30.612	10.2173	1820
76.095	30.6206	12.493	1821
79.2868	30.6291	14.7688	1822
61.7251	27.8121	5.64857	1823
64.9169	27.8207	7.92431	1824
68.1086	27.8292	10.2	1825
71.3004	27.8378	12.4758	1826
56.9305	25.0293	5.6313	1827
60.1222	25.0378	7.90704	1828
63.314	25.0464	10.1828	1829
66.5058	25.0549	12.4585	1830
48.9441	22.2379	3.33831	1831
52.1358	22.2465	5.61404	1832
55.3276	22.255	7.88977	1833
58.5194	22.2636	10.1655	1834
40.9577	19.4466	1.0453	1835
44.1495	19.4551	3.32104	1836
47.3412	19.4637	5.59677	1837
50.533	19.4722	7.8725	1838
36.1631	16.6638	1.02804	1839
39.3548	16.6723	3.30377	1840
42.5466	16.6809	5.5795	1841
45.7384	16.6894	7.85524	1842
31.3684	13.8809	1.01077	1843
34.5602	13.8895	3.2865	1844
37.752	13.898	5.56223	1845
29.7656	11.1067	3.26923	1846
61.7125	33.3558	5.6455	1847
64.9042	33.3644	7.92123	1848
68.096	33.3729	10.197	1849
71.2878	33.3815	12.4727	1850
56.9178	30.573	5.62823	1851
60.1096	30.5815	7.90396	1852
63.3014	30.5901	10.1797	1853
66.4931	30.5986	12.4554	1854
48.9314	27.7816	3.33523	1855
52.1232	27.7902	5.61096	1856
55.315	27.7987	7.88669	1857
58.5067	27.8073	10.1624	1858
40.945	24.9903	1.04223	1859
44.1368	24.9988	3.31796	1860
47.3286	25.0074	5.59369	1861
50.5203	25.0159	7.86943	1862
36.1504	22.2075	1.02496	1863
39.3422	22.216	3.30069	1864
42.5339	22.2246	5.57643	1865
45.7257	22.2331	7.85216	1866
31.3558	19.4246	1.00769	1867
34.5476	19.4332	3.28343	1868
37.7393	19.4417	5.55916	1869
29.7529	16.6504	3.26616	1870
48.9188	33.3253	3.33215	1871
52.1105	33.3339	5.60789	1872
55.3023	33.3424	7.88362	1873
58.4941	33.351	10.1594	1874
40.9324	30.534	1.03915	1875
44.1242	30.5425	3.31488	1876
47.3159	30.5511	5.59062	1877
50.5077	30.5596	7.86635	1878
36.1378	27.7512	1.02189	1879
39.3295	27.7597	3.29762	1880
42.5213	27.7683	5.57335	1881
45.7131	27.7768	7.84908	1882
31.3431	24.9683	1.00462	1883
34.5349	24.9769	3.28035	1884
37.7267	24.9854	5.55608	1885
29.7403	22.1941	3.26308	1886
36.1251	33.2949	1.01881	1887
39.3169	33.3034	3.29454	1888
42.5086	33.312	5.57027	1889
45.7004	33.3205	7.846	1890
31.3305	30.512	1.00154	1891
34.5223	30.5206	3.27727	1892
37.714	30.5291	5.553	1893
29.7276	27.7378	3.26	1894
29.715	33.2815	3.25693	1895
