88.2 0 0 0
91 0 0 1
86.1 -1.21244 0 0
88.9 -1.21244 0 1
84 -2.42487 0 0
86.8 -2.42487 0 1
81.9 -3.63731 0 0
84.7 -3.63731 0 1
79.8 -4.84974 0 0
82.6 -4.84974 0 1
77.7 -6.06218 0 0
80.5 -6.06218 0 1
75.6 -7.27461 0 0
78.4 -7.27461 0 1
73.5 -8.48705 0 0
76.3 -8.48705 0 1
71.4 -9.69948 0 0
74.2 -9.69948 0 1
69.3 -10.9119 0 0
72.1 -10.9119 0 1
67.2 -12.1244 0 0
70 -12.1244 0 1
65.1 -13.3368 0 0
67.9 -13.3368 0 1
63 -14.5492 0 0
65.8 -14.5492 0 1
60.9 -15.7617 0 0
63.7 -15.7617 0 1
58.8 -16.9741 0 0
61.6 -16.9741 0 1
56.7 -18.1865 0 0
59.5 -18.1865 0 1
54.6 -19.399 0 0
57.4 -19.399 0 1
52.5 -20.6114 0 0
55.3 -20.6114 0 1
50.4 -21.8238 0 0
53.2 -21.8238 0 1
48.3 -23.0363 0 0
51.1 -23.0363 0 1
46.2 -24.2487 0 0
49 -24.2487 0 1
44.1 -25.4611 0 0
46.9 -25.4611 0 1
86.1 1.21244 0 0
88.9 1.21244 0 1
84 0 0 0
86.8 0 0 1
81.9 -1.21244 0 0
84.7 -1.21244 0 1
79.8 -2.42487 0 0
82.6 -2.42487 0 1
77.7 -3.63731 0 0
80.5 -3.63731 0 1
75.6 -4.84974 0 0
78.4 -4.84974 0 1
73.5 -6.06218 0 0
76.3 -6.06218 0 1
71.4 -7.27461 0 0
74.2 -7.27461 0 1
69.3 -8.48705 0 0
72.1 -8.48705 0 1
67.2 -9.69948 0 0
70 -9.69948 0 1
65.1 -10.9119 0 0
67.9 -10.9119 0 1
63 -12.1244 0 0
65.8 -12.1244 0 1
60.9 -13.3368 0 0
63.7 -13.3368 0 1
58.8 -14.5492 0 0
61.6 -14.5492 0 1
56.7 -15.7617 0 0
59.5 -15.7617 0 1
54.6 -16.9741 0 0
57.4 -16.9741 0 1
52.5 -18.1865 0 0
55.3 -18.1865 0 1
50.4 -19.399 0 0
53.2 -19.399 0 1
48.3 -20.6114 0 0
51.1 -20.6114 0 1
46.2 -21.8238 0 0
49 -21.8238 0 1
44.1 -23.0363 0 0
46.9 -23.0363 0 1
42 -24.2487 0 0
44.8 -24.2487 0 1
84 2.42487 0 0
86.8 2.42487 0 1
81.9 1.21244 0 0
84.7 1.21244 0 1
79.8 0 0 0
82.6 0 0 1
77.7 -1.21244 0 0
80.5 -1.21244 0 1
75.6 -2.42487 0 0
78.4 -2.42487 0 1
73.5 -3.63731 0 0
76.3 -3.63731 0 1
71.4 -4.84974 0 0
74.2 -4.84974 0 1
69.3 -6.06218 0 0
72.1 -6.06218 0 1
67.2 -7.27461 0 0
70 -7.27461 0 1
65.1 -8.48705 0 0
67.9 -8.48705 0 1
63 -9.69948 0 0
65.8 -9.69948 0 1
60.9 -10.9119 0 0
63.7 -10.9119 0 1
58.8 -12.1244 0 0
61.6 -12.1244 0 1
56.7 -13.3368 0 0
59.5 -13.3368 0 1
54.6 -14.5492 0 0
57.4 -14.5492 0 1
52.5 -15.7617 0 0
55.3 -15.7617 0 1
50.4 -16.9741 0 0
53.2 -16.9741 0 1
48.3 -18.1865 0 0
51.1 -18.1865 0 1
46.2 -19.399 0 0
49 -19.399 0 1
44.1 -20.6114 0 0
46.9 -20.6114 0 1
42 -21.8238 0 0
44.8 -21.8238 0 1
39.9 -23.0363 0 0
42.7 -23.0363 0 1
81.9 3.63731 0 0
84.7 3.63731 0 1
79.8 2.42487 0 0
82.6 2.42487 0 1
77.7 1.21244 0 0
80.5 1.21244 0 1
75.6 0 0 0
78.4 0 0 1
73.5 -1.21244 0 0
76.3 -1.21244 0 1
71.4 -2.42487 0 0
74.2 -2.42487 0 1
69.3 -3.63731 0 0
72.1 -3.63731 0 1
67.2 -4.84974 0 0
70 -4.84974 0 1
65.1 -6.06218 0 0
67.9 -6.06218 0 1
63 -7.27461 0 0
65.8 -7.27461 0 1
60.9 -8.48705 0 0
63.7 -8.48705 0 1
58.8 -9.69948 0 0
61.6 -9.69948 0 1
56.7 -10.9119 0 0
59.5 -10.9119 0 1
54.6 -12.1244 0 0
57.4 -12.1244 0 1
52.5 -13.3368 0 0
55.3 -13.3368 0 1
50.4 -14.5492 0 0
53.2 -14.5492 0 1
48.3 -15.7617 0 0
51.1 -15.7617 0 1
46.2 -16.9741 0 0
49 -16.9741 0 1
44.1 -18.1865 0 0
46.9 -18.1865 0 1
42 -19.399 0 0
44.8 -19.399 0 1
39.9 -20.6114 0 0
42.7 -20.6114 0 1
37.8 -21.8238 0 0
40.6 -21.8238 0 1
79.8 4.84974 0 0
82.6 4.84974 0 1
77.7 3.63731 0 0
80.5 3.63731 0 1
75.6 2.42487 0 0
78.4 2.42487 0 1
73.5 1.21244 0 0
76.3 1.21244 0 1
71.4 0 0 0
74.2 0 0 1
69.3 -1.21244 0 0
72.1 -1.21244 0 1
67.2 -2.42487 0 0
70 -2.42487 0 1
65.1 -3.63731 0 0
67.9 -3.63731 0 1
63 -4.84974 0 0
65.8 -4.84974 0 1
60.9 -6.06218 0 0
63.7 -6.06218 0 1
58.8 -7.27461 0 0
61.6 -7.27461 0 1
56.7 -8.48705 0 0
59.5 -8.48705 0 1
54.6 -9.69948 0 0
57.4 -9.69948 0 1
52.5 -10.9119 0 0
55.3 -10.9119 0 1
50.4 -12.1244 0 0
53.2 -12.1244 0 1
48.3 -13.3368 0 0
51.1 -13.3368 0 1
46.2 -14.5492 0 0
49 -14.5492 0 1
44.1 -15.7617 0 0
46.9 -15.7617 0 1
42 -16.9741 0 0
44.8 -16.9741 0 1
39.9 -18.1865 0 0
42.7 -18.1865 0 1
37.8 -19.399 0 0
40.6 -19.399 0 1
35.7 -20.6114 0 0
38.5 -20.6114 0 1
77.7 6.06218 0 0
80.5 6.06218 0 1
75.6 4.84974 0 0
78.4 4.84974 0 1
73.5 3.63731 0 0
76.3 3.63731 0 1
71.4 2.42487 0 0
74.2 2.42487 0 1
69.3 1.21244 0 0
72.1 1.21244 0 1
67.2 0 0 0
70 0 0 1
65.1 -1.21244 0 0
67.9 -1.21244 0 1
63 -2.42487 0 0
65.8 -2.42487 0 1
60.9 -3.63731 0 0
63.7 -3.63731 0 1
58.8 -4.84974 0 0
61.6 -4.84974 0 1
56.7 -6.06218 0 0
59.5 -6.06218 0 1
54.6 -7.27461 0 0
57.4 -7.27461 0 1
52.5 -8.48705 0 0
55.3 -8.48705 0 1
50.4 -9.69948 0 0
53.2 -9.69948 0 1
48.3 -10.9119 0 0
51.1 -10.9119 0 1
46.2 -12.1244 0 0
49 -12.1244 0 1
44.1 -13.3368 0 0
46.9 -13.3368 0 1
42 -14.5492 0 0
44.8 -14.5492 0 1
39.9 -15.7617 0 0
42.7 -15.7617 0 1
37.8 -16.9741 0 0
40.6 -16.9741 0 1
35.7 -18.1865 0 0
38.5 -18.1865 0 1
33.6 -19.399 0 0
36.4 -19.399 0 1
75.6 7.27461 0 0
78.4 7.27461 0 1
73.5 6.06218 0 0
76.3 6.06218 0 1
71.4 4.84974 0 0
74.2 4.84974 0 1
69.3 3.63731 0 0
72.1 3.63731 0 1
67.2 2.42487 0 0
70 2.42487 0 1
65.1 1.21244 0 0
67.9 1.21244 0 1
63 0 0 0
65.8 0 0 1
60.9 -1.21244 0 0
63.7 -1.21244 0 1
58.8 -2.42487 0 0
61.6 -2.42487 0 1
56.7 -3.63731 0 0
59.5 -3.63731 0 1
54.6 -4.84974 0 0
57.4 -4.84974 0 1
52.5 -6.06218 0 0
55.3 -6.06218 0 1
50.4 -7.27461 0 0
53.2 -7.27461 0 1
48.3 -8.48705 0 0
51.1 -8.48705 0 1
46.2 -9.69948 0 0
49 -9.69948 0 1
44.1 -10.9119 0 0
46.9 -10.9119 0 1
42 -12.1244 0 0
44.8 -12.1244 0 1
39.9 -13.3368 0 0
42.7 -13.3368 0 1
37.8 -14.5492 0 0
40.6 -14.5492 0 1
35.7 -15.7617 0 0
38.5 -15.7617 0 1
33.6 -16.9741 0 0
36.4 -16.9741 0 1
31.5 -18.1865 0 0
34.3 -18.1865 0 1
73.5 8.48705 0 0
76.3 8.48705 0 1
71.4 7.27461 0 0
74.2 7.27461 0 1
69.3 6.06218 0 0
72.1 6.06218 0 1
67.2 4.84974 0 0
70 4.84974 0 1
65.1 3.63731 0 0
67.9 3.63731 0 1
63 2.42487 0 0
65.8 2.42487 0 1
60.9 1.21244 0 0
63.7 1.21244 0 1
58.8 0 0 0
61.6 0 0 1
56.7 -1.21244 0 0
59.5 -1.21244 0 1
54.6 -2.42487 0 0
57.4 -2.42487 0 1
52.5 -3.63731 0 0
55.3 -3.63731 0 1
50.4 -4.84974 0 0
53.2 -4.84974 0 1
48.3 -6.06218 0 0
51.1 -6.06218 0 1
46.2 -7.27461 0 0
49 -7.27461 0 1
44.1 -8.48705 0 0
46.9 -8.48705 0 1
42 -9.69948 0 0
44.8 -9.69948 0 1
39.9 -10.9119 0 0
42.7 -10.9119 0 1
37.8 -12.1244 0 0
40.6 -12.1244 0 1
35.7 -13.3368 0 0
38.5 -13.3368 0 1
33.6 -14.5492 0 0
36.4 -14.5492 0 1
31.5 -15.7617 0 0
34.3 -15.7617 0 1
29.4 -16.9741 0 0
32.2 -16.9741 0 1
71.4 9.69948 0 0
74.2 9.69948 0 1
69.3 8.48705 0 0
72.1 8.48705 0 1
67.2 7.27461 0 0
70 7.27461 0 1
65.1 6.06218 0 0
67.9 6.06218 0 1
63 4.84974 0 0
65.8 4.84974 0 1
60.9 3.63731 0 0
63.7 3.63731 0 1
58.8 2.42487 0 0
61.6 2.42487 0 1
56.7 1.21244 0 0
59.5 1.21244 0 1
54.6 0 0 0
57.4 0 0 1
52.5 -1.21244 0 0
55.3 -1.21244 0 1
50.4 -2.42487 0 0
53.2 -2.42487 0 1
48.3 -3.63731 0 0
51.1 -3.63731 0 1
46.2 -4.84974 0 0
49 -4.84974 0 1
44.1 -6.06218 0 0
46.9 -6.06218 0 1
42 -7.27461 0 0
44.8 -7.27461 0 1
39.9 -8.48705 0 0
42.7 -8.48705 0 1
37.8 -9.69948 0 0
40.6 -9.69948 0 1
35.7 -10.9119 0 0
38.5 -10.9119 0 1
33.6 -12.1244 0 0
36.4 -12.1244 0 1
31.5 -13.3368 0 0
34.3 -13.3368 0 1
29.4 -14.5492 0 0
32.2 -14.5492 0 1
27.3 -15.7617 0 0
30.1 -15.7617 0 1
69.3 10.9119 0 0
72.1 10.9119 0 1
67.2 9.69948 0 0
70 9.69948 0 1
65.1 8.48705 0 0
67.9 8.48705 0 1
63 7.27461 0 0
65.8 7.27461 0 1
60.9 6.06218 0 0
63.7 6.06218 0 1
58.8 4.84974 0 0
61.6 4.84974 0 1
56.7 3.63731 0 0
59.5 3.63731 0 1
54.6 2.42487 0 0
57.4 2.42487 0 1
52.5 1.21244 0 0
55.3 1.21244 0 1
50.4 0 0 0
53.2 0 0 1
48.3 -1.21244 0 0
51.1 -1.21244 0 1
46.2 -2.42487 0 0
49 -2.42487 0 1
44.1 -3.63731 0 0
46.9 -3.63731 0 1
42 -4.84974 0 0
44.8 -4.84974 0 1
39.9 -6.06218 0 0
42.7 -6.06218 0 1
37.8 -7.27461 0 0
40.6 -7.27461 0 1
35.7 -8.48705 0 0
38.5 -8.48705 0 1
33.6 -9.69948 0 0
36.4 -9.69948 0 1
31.5 -10.9119 0 0
34.3 -10.9119 0 1
29.4 -12.1244 0 0
32.2 -12.1244 0 1
27.3 -13.3368 0 0
30.1 -13.3368 0 1
25.2 -14.5492 0 0
28 -14.5492 0 1
67.2 12.1244 0 0
70 12.1244 0 1
65.1 10.9119 0 0
67.9 10.9119 0 1
63 9.69948 0 0
65.8 9.69948 0 1
60.9 8.48705 0 0
63.7 8.48705 0 1
58.8 7.27461 0 0
61.6 7.27461 0 1
56.7 6.06218 0 0
59.5 6.06218 0 1
54.6 4.84974 0 0
57.4 4.84974 0 1
52.5 3.63731 0 0
55.3 3.63731 0 1
50.4 2.42487 0 0
53.2 2.42487 0 1
48.3 1.21244 0 0
51.1 1.21244 0 1
46.2 0 0 0
49 0 0 1
44.1 -1.21244 0 0
46.9 -1.21244 0 1
42 -2.42487 0 0
44.8 -2.42487 0 1
39.9 -3.63731 0 0
42.7 -3.63731 0 1
37.8 -4.84974 0 0
40.6 -4.84974 0 1
35.7 -6.06218 0 0
38.5 -6.06218 0 1
33.6 -7.27461 0 0
36.4 -7.27461 0 1
31.5 -8.48705 0 0
34.3 -8.48705 0 1
29.4 -9.69948 0 0
32.2 -9.69948 0 1
27.3 -10.9119 0 0
30.1 -10.9119 0 1
25.2 -12.1244 0 0
28 -12.1244 0 1
23.1 -13.3368 0 0
25.9 -13.3368 0 1
65.1 13.3368 0 0
67.9 13.3368 0 1
63 12.1244 0 0
65.8 12.1244 0 1
60.9 10.9119 0 0
63.7 10.9119 0 1
58.8 9.69948 0 0
61.6 9.69948 0 1
56.7 8.48705 0 0
59.5 8.48705 0 1
54.6 7.27461 0 0
57.4 7.27461 0 1
52.5 6.06218 0 0
55.3 6.06218 0 1
50.4 4.84974 0 0
53.2 4.84974 0 1
48.3 3.63731 0 0
51.1 3.63731 0 1
46.2 2.42487 0 0
49 2.42487 0 1
44.1 1.21244 0 0
46.9 1.21244 0 1
42 0 0 0
44.8 0 0 1
39.9 -1.21244 0 0
42.7 -1.21244 0 1
37.8 -2.42487 0 0
40.6 -2.42487 0 1
35.7 -3.63731 0 0
38.5 -3.63731 0 1
33.6 -4.84974 0 0
36.4 -4.84974 0 1
31.5 -6.06218 0 0
34.3 -6.06218 0 1
29.4 -7.27461 0 0
32.2 -7.27461 0 1
27.3 -8.48705 0 0
30.1 -8.48705 0 1
25.2 -9.69948 0 0
28 -9.69948 0 1
23.1 -10.9119 0 0
25.9 -10.9119 0 1
21 -12.1244 0 0
23.8 -12.1244 0 1
63 14.5492 0 0
65.8 14.5492 0 1
60.9 13.3368 0 0
63.7 13.3368 0 1
58.8 12.1244 0 0
61.6 12.1244 0 1
56.7 10.9119 0 0
59.5 10.9119 0 1
54.6 9.69948 0 0
57.4 9.69948 0 1
52.5 8.48705 0 0
55.3 8.48705 0 1
50.4 7.27461 0 0
53.2 7.27461 0 1
48.3 6.06218 0 0
51.1 6.06218 0 1
46.2 4.84974 0 0
49 4.84974 0 1
44.1 3.63731 0 0
46.9 3.63731 0 1
42 2.42487 0 0
44.8 2.42487 0 1
39.9 1.21244 0 0
42.7 1.21244 0 1
37.8 0 0 0
40.6 0 0 1
35.7 -1.21244 0 0
38.5 -1.21244 0 1
33.6 -2.42487 0 0
36.4 -2.42487 0 1
31.5 -3.63731 0 0
34.3 -3.63731 0 1
29.4 -4.84974 0 0
32.2 -4.84974 0 1
27.3 -6.06218 0 0
30.1 -6.06218 0 1
25.2 -7.27461 0 0
28 -7.27461 0 1
23.1 -8.48705 0 0
25.9 -8.48705 0 1
21 -9.69948 0 0
23.8 -9.69948 0 1
18.9 -10.9119 0 0
21.7 -10.9119 0 1
60.9 15.7617 0 0
63.7 15.7617 0 1
58.8 14.5492 0 0
61.6 14.5492 0 1
56.7 13.3368 0 0
59.5 13.3368 0 1
54.6 12.1244 0 0
57.4 12.1244 0 1
52.5 10.9119 0 0
55.3 10.9119 0 1
50.4 9.69948 0 0
53.2 9.69948 0 1
48.3 8.48705 0 0
51.1 8.48705 0 1
46.2 7.27461 0 0
49 7.27461 0 1
44.1 6.06218 0 0
46.9 6.06218 0 1
42 4.84974 0 0
44.8 4.84974 0 1
39.9 3.63731 0 0
42.7 3.63731 0 1
37.8 2.42487 0 0
40.6 2.42487 0 1
35.7 1.21244 0 0
38.5 1.21244 0 1
33.6 0 0 0
36.4 0 0 1
31.5 -1.21244 0 0
34.3 -1.21244 0 1
29.4 -2.42487 0 0
32.2 -2.42487 0 1
27.3 -3.63731 0 0
30.1 -3.63731 0 1
25.2 -4.84974 0 0
28 -4.84974 0 1
23.1 -6.06218 0 0
25.9 -6.06218 0 1
21 -7.27461 0 0
23.8 -7.27461 0 1
18.9 -8.48705 0 0
21.7 -8.48705 0 1
16.8 -9.69948 0 0
19.6 -9.69948 0 1
58.8 16.9741 0 0
61.6 16.9741 0 1
56.7 15.7617 0 0
59.5 15.7617 0 1
54.6 14.5492 0 0
57.4 14.5492 0 1
52.5 13.3368 0 0
55.3 13.3368 0 1
50.4 12.1244 0 0
53.2 12.1244 0 1
48.3 10.9119 0 0
51.1 10.9119 0 1
46.2 9.69948 0 0
49 9.69948 0 1
44.1 8.48705 0 0
46.9 8.48705 0 1
42 7.27461 0 0
44.8 7.27461 0 1
39.9 6.06218 0 0
42.7 6.06218 0 1
37.8 4.84974 0 0
40.6 4.84974 0 1
35.7 3.63731 0 0
38.5 3.63731 0 1
33.6 2.42487 0 0
36.4 2.42487 0 1
31.5 1.21244 0 0
34.3 1.21244 0 1
29.4 0 0 0
32.2 0 0 1
27.3 -1.21244 0 0
30.1 -1.21244 0 1
25.2 -2.42487 0 0
28 -2.42487 0 1
23.1 -3.63731 0 0
25.9 -3.63731 0 1
21 -4.84974 0 0
23.8 -4.84974 0 1
18.9 -6.06218 0 0
21.7 -6.06218 0 1
16.8 -7.27461 0 0
19.6 -7.27461 0 1
14.7 -8.48705 0 0
17.5 -8.48705 0 1
56.7 18.1865 0 0
59.5 18.1865 0 1
54.6 16.9741 0 0
57.4 16.9741 0 1
52.5 15.7617 0 0
55.3 15.7617 0 1
50.4 14.5492 0 0
53.2 14.5492 0 1
48.3 13.3368 0 0
51.1 13.3368 0 1
46.2 12.1244 0 0
49 12.1244 0 1
44.1 10.9119 0 0
46.9 10.9119 0 1
42 9.69948 0 0
44.8 9.69948 0 1
39.9 8.48705 0 0
42.7 8.48705 0 1
37.8 7.27461 0 0
40.6 7.27461 0 1
35.7 6.06218 0 0
38.5 6.06218 0 1
33.6 4.84974 0 0
36.4 4.84974 0 1
31.5 3.63731 0 0
34.3 3.63731 0 1
29.4 2.42487 0 0
32.2 2.42487 0 1
27.3 1.21244 0 0
30.1 1.21244 0 1
25.2 0 0 0
28 0 0 1
23.1 -1.21244 0 0
25.9 -1.21244 0 1
21 -2.42487 0 0
23.8 -2.42487 0 1
18.9 -3.63731 0 0
21.7 -3.63731 0 1
16.8 -4.84974 0 0
19.6 -4.84974 0 1
14.7 -6.06218 0 0
17.5 -6.06218 0 1
12.6 -7.27461 0 0
15.4 -7.27461 0 1
54.6 19.399 0 0
57.4 19.399 0 1
52.5 18.1865 0 0
55.3 18.1865 0 1
50.4 16.9741 0 0
53.2 16.9741 0 1
48.3 15.7617 0 0
51.1 15.7617 0 1
46.2 14.5492 0 0
49 14.5492 0 1
44.1 13.3368 0 0
46.9 13.3368 0 1
42 12.1244 0 0
44.8 12.1244 0 1
39.9 10.9119 0 0
42.7 10.9119 0 1
37.8 9.69948 0 0
40.6 9.69948 0 1
35.7 8.48705 0 0
38.5 8.48705 0 1
33.6 7.27461 0 0
36.4 7.27461 0 1
31.5 6.06218 0 0
34.3 6.06218 0 1
29.4 4.84974 0 0
32.2 4.84974 0 1
27.3 3.63731 0 0
30.1 3.63731 0 1
25.2 2.42487 0 0
28 2.42487 0 1
23.1 1.21244 0 0
25.9 1.21244 0 1
21 0 0 0
23.8 0 0 1
18.9 -1.21244 0 0
21.7 -1.21244 0 1
16.8 -2.42487 0 0
19.6 -2.42487 0 1
14.7 -3.63731 0 0
17.5 -3.63731 0 1
12.6 -4.84974 0 0
15.4 -4.84974 0 1
10.5 -6.06218 0 0
13.3 -6.06218 0 1
52.5 20.6114 0 0
55.3 20.6114 0 1
50.4 19.399 0 0
53.2 19.399 0 1
48.3 18.1865 0 0
51.1 18.1865 0 1
46.2 16.9741 0 0
49 16.9741 0 1
44.1 15.7617 0 0
46.9 15.7617 0 1
42 14.5492 0 0
44.8 14.5492 0 1
39.9 13.3368 0 0
42.7 13.3368 0 1
37.8 12.1244 0 0
40.6 12.1244 0 1
35.7 10.9119 0 0
38.5 10.9119 0 1
33.6 9.69948 0 0
36.4 9.69948 0 1
31.5 8.48705 0 0
34.3 8.48705 0 1
29.4 7.27461 0 0
32.2 7.27461 0 1
27.3 6.06218 0 0
30.1 6.06218 0 1
25.2 4.84974 0 0
28 4.84974 0 1
23.1 3.63731 0 0
25.9 3.63731 0 1
21 2.42487 0 0
23.8 2.42487 0 1
18.9 1.21244 0 0
21.7 1.21244 0 1
16.8 0 0 0
19.6 0 0 1
14.7 -1.21244 0 0
17.5 -1.21244 0 1
12.6 -2.42487 0 0
15.4 -2.42487 0 1
10.5 -3.63731 0 0
13.3 -3.63731 0 1
8.4 -4.84974 0 0
11.2 -4.84974 0 1
50.4 21.8238 0 0
53.2 21.8238 0 1
48.3 20.6114 0 0
51.1 20.6114 0 1
46.2 19.399 0 0
49 19.399 0 1
44.1 18.1865 0 0
46.9 18.1865 0 1
42 16.9741 0 0
44.8 16.9741 0 1
39.9 15.7617 0 0
42.7 15.7617 0 1
37.8 14.5492 0 0
40.6 14.5492 0 1
35.7 13.3368 0 0
38.5 13.3368 0 1
33.6 12.1244 0 0
36.4 12.1244 0 1
31.5 10.9119 0 0
34.3 10.9119 0 1
29.4 9.69948 0 0
32.2 9.69948 0 1
27.3 8.48705 0 0
30.1 8.48705 0 1
25.2 7.27461 0 0
28 7.27461 0 1
23.1 6.06218 0 0
25.9 6.06218 0 1
21 4.84974 0 0
23.8 4.84974 0 1
18.9 3.63731 0 0
21.7 3.63731 0 1
16.8 2.42487 0 0
19.6 2.42487 0 1
14.7 1.21244 0 0
17.5 1.21244 0 1
12.6 0 0 0
15.4 0 0 1
10.5 -1.21244 0 0
13.3 -1.21244 0 1
8.4 -2.42487 0 0
11.2 -2.42487 0 1
6.3 -3.63731 0 0
9.1 -3.63731 0 1
48.3 23.0363 0 0
51.1 23.0363 0 1
46.2 21.8238 0 0
49 21.8238 0 1
44.1 20.6114 0 0
46.9 20.6114 0 1
42 19.399 0 0
44.8 19.399 0 1
39.9 18.1865 0 0
42.7 18.1865 0 1
37.8 16.9741 0 0
40.6 16.9741 0 1
35.7 15.7617 0 0
38.5 15.7617 0 1
33.6 14.5492 0 0
36.4 14.5492 0 1
31.5 13.3368 0 0
34.3 13.3368 0 1
29.4 12.1244 0 0
32.2 12.1244 0 1
27.3 10.9119 0 0
30.1 10.9119 0 1
25.2 9.69948 0 0
28 9.69948 0 1
23.1 8.48705 0 0
25.9 8.48705 0 1
21 7.27461 0 0
23.8 7.27461 0 1
18.9 6.06218 0 0
21.7 6.06218 0 1
16.8 4.84974 0 0
19.6 4.84974 0 1
14.7 3.63731 0 0
17.5 3.63731 0 1
12.6 2.42487 0 0
15.4 2.42487 0 1
10.5 1.21244 0 0
13.3 1.21244 0 1
8.4 0 0 0
11.2 0 0 1
6.3 -1.21244 0 0
9.1 -1.21244 0 1
4.2 -2.42487 0 0
7 -2.42487 0 1
46.2 24.2487 0 0
49 24.2487 0 1
44.1 23.0363 0 0
46.9 23.0363 0 1
42 21.8238 0 0
44.8 21.8238 0 1
39.9 20.6114 0 0
42.7 20.6114 0 1
37.8 19.399 0 0
40.6 19.399 0 1
35.7 18.1865 0 0
38.5 18.1865 0 1
33.6 16.9741 0 0
36.4 16.9741 0 1
31.5 15.7617 0 0
34.3 15.7617 0 1
29.4 14.5492 0 0
32.2 14.5492 0 1
27.3 13.3368 0 0
30.1 13.3368 0 1
25.2 12.1244 0 0
28 12.1244 0 1
23.1 10.9119 0 0
25.9 10.9119 0 1
21 9.69948 0 0
23.8 9.69948 0 1
18.9 8.48705 0 0
21.7 8.48705 0 1
16.8 7.27461 0 0
19.6 7.27461 0 1
14.7 6.06218 0 0
17.5 6.06218 0 1
12.6 4.84974 0 0
15.4 4.84974 0 1
10.5 3.63731 0 0
13.3 3.63731 0 1
8.4 2.42487 0 0
11.2 2.42487 0 1
6.3 1.21244 0 0
9.1 1.21244 0 1
4.2 0 0 0
7 0 0 1
2.1 -1.21244 0 0
4.9 -1.21244 0 1
44.1 25.4611 0 0
46.9 25.4611 0 1
42 24.2487 0 0
44.8 24.2487 0 1
39.9 23.0363 0 0
42.7 23.0363 0 1
37.8 21.8238 0 0
40.6 21.8238 0 1
35.7 20.6114 0 0
38.5 20.6114 0 1
33.6 19.399 0 0
36.4 19.399 0 1
31.5 18.1865 0 0
34.3 18.1865 0 1
29.4 16.9741 0 0
32.2 16.9741 0 1
27.3 15.7617 0 0
30.1 15.7617 0 1
25.2 14.5492 0 0
28 14.5492 0 1
23.1 13.3368 0 0
25.9 13.3368 0 1
21 12.1244 0 0
23.8 12.1244 0 1
18.9 10.9119 0 0
21.7 10.9119 0 1
16.8 9.69948 0 0
19.6 9.69948 0 1
14.7 8.48705 0 0
17.5 8.48705 0 1
12.6 7.27461 0 0
15.4 7.27461 0 1
10.5 6.06218 0 0
13.3 6.06218 0 1
8.4 4.84974 0 0
11.2 4.84974 0 1
6.3 3.63731 0 0
9.1 3.63731 0 1
4.2 2.42487 0 0
7 2.42487 0 1
2.1 1.21244 0 0
4.9 1.21244 0 1
0 0 0 0
2.8 0 0 1
63.7395 1.15772 1.70654 0
63.7422 -0.257481 2.02627 1
63.7509 -0.987262 0.770776 2
63.778 -0.0232412 -0.312824 3
63.7404 1.31673 0.264483 4
62.5036 1.76168 2.14273 5
61.836 0.770674 2.94177 6
62.5089 -0.481041 2.73937 7
61.8347 -1.53322 2.02598 8
62.5049 -1.71459 0.770586 9
61.8295 -1.33726 -0.440857 10
62.5217 -0.212064 -0.996109 11
61.8271 1.0426 -1.05326 12
62.5327 1.95925 -0.200715 13
61.8407 2.34401 1.01021 14
60.4167 0.900142 2.87109 15
60.4179 -1.40151 2.13799 16
60.4125 -1.4148 -0.280741 17
60.4114 0.883151 -1.0186 18
60.4246 2.32623 0.924139 19
59.7552 1.91224 2.12564 20
59.7643 -0.379579 2.87393 21
59.769 -1.80639 0.921484 22
59.7619 -0.379435 -1.03558 23
59.7579 1.90688 -0.254702 24
58.3357 1.94806 2.04325 25
58.3435 -0.287419 2.89242 26
58.3481 -1.79292 1.02726 27
58.3397 -0.459624 -0.971672 28
58.3398 1.88092 -0.341963 29
57.6436 2.28734 0.844693 30
57.656 0.958544 2.82809 31
57.6735 -1.3514 2.20131 32
57.679 -1.45595 -0.196231 33
57.68 0.811057 -1.00235 34
56.2267 2.25672 0.791062 35
56.2366 0.991102 2.80331 36
56.2523 -1.32203 2.23514 37
56.2562 -1.47167 -0.150843 38
56.2601 0.771262 -1.05707 39
55.5324 1.79674 -0.369585 40
55.5295 1.93992 2.00197 41
55.5543 -0.265863 2.89537 42
55.5761 -1.7951 1.06271 43
55.5928 -0.479005 -0.93957 44
54.1166 1.7551 -0.382917 45
54.1114 1.93358 1.98008 46
54.1341 -0.257984 2.89517 47
54.1541 -1.7933 1.07217 48
54.173 -0.526557 -0.981447 49
53.4217 0.692904 -1.04401 50
53.4018 2.21529 0.770242 51
53.4215 0.97821 2.79569 52
53.4563 -1.33407 2.23444 53
53.492 -1.46045 -0.152931 54
52.0069 0.660429 -1.03615 55
51.9849 2.19533 0.762779 56
52.0016 0.967581 2.79132 57
52.0343 -1.34213 2.22579 58
52.0724 -1.52721 -0.175799 59
51.3105 -0.587798 -0.945943 60
51.2789 1.7056 -0.382805 61
51.2856 1.90408 1.97816 62
51.3243 -0.290834 2.88854 63
51.3769 -1.79554 1.03728 64
49.8957 -0.61042 -0.930027 65
49.861 1.68564 -0.380216 66
49.8667 1.88709 1.98046 67
49.9024 -0.311828 2.88119 68
49.9585 -1.87093 1.04844 69
49.1948 -1.56817 -0.127224 70
49.1592 0.614333 -1.02129 71
49.1531 2.16359 0.76914 72
49.1858 0.925729 2.79565 73
49.2514 -1.37944 2.18237 74
47.7799 -1.58253 -0.109121 75
47.7423 0.596866 -1.01393 76
47.7342 2.1471 0.776408 77
47.765 0.898576 2.79695 78
47.8319 -1.43801 2.23104 79
47.0716 -1.88759 1.09962 80
47.041 -0.648512 -0.904897 81
47.0252 1.65646 -0.368074 82
47.0479 1.84651 1.99773 83
47.1168 -0.377516 2.8557 84
45.6577 -1.89299 1.11683 85
45.6241 -0.6618 -0.895943 86
45.6063 1.64315 -0.359115 87
45.6261 1.82035 2.00899 88
45.6971 -0.401959 2.92406 89
44.9419 -1.43182 2.26989 90
44.9221 -1.60811 -0.07921 91
44.9025 0.570936 -0.999088 92
44.9124 2.11536 0.801846 93
44.9776 0.821039 2.8038 94
43.5278 -1.43085 2.28042 95
43.5051 -1.61832 -0.0695605 96
43.4835 0.561612 -0.990528 97
43.4916 2.09696 0.820364 98
43.5575 0.83729 2.86709 99
42.8039 -0.383057 2.93953 100
42.7967 -1.90496 1.14236 101
42.7832 -0.683858 -0.882496 102
42.7834 1.62463 -0.331985 103
42.8377 1.75306 2.04798 104
41.3898 -0.379904 2.94181 105
41.3808 -1.91227 1.15072 106
41.3642 -0.690297 -0.87523 107
41.3625 1.61639 -0.312474 108
41.4174 1.79875 2.08419 109
40.6623 0.852388 2.8548 110
40.6648 -1.43379 2.29601 111
40.6622 -1.63561 -0.0585965 112
40.6605 0.554431 -0.970564 113
40.702 2.05683 0.879749 114
39.2482 0.851658 2.84842 115
39.2478 -1.43952 2.30019 116
39.2432 -1.64245 -0.0553106 117
39.2385 0.554735 -0.955928 118
39.2815 2.11068 0.876955 119
38.5192 1.79472 2.05172 120
38.5247 -0.382265 2.94327 121
38.5348 -1.9291 1.15661 122
38.5391 -0.693616 -0.866705 123
38.5726 1.61048 -0.252499 124
37.1052 1.78454 2.04126 125
37.1077 -0.38849 2.94247 126
37.1168 -1.93623 1.15691 127
37.118 -0.688232 -0.861625 128
37.1521 1.64761 -0.291808 129
36.3785 2.07695 0.839426 130
36.3781 0.840995 2.83766 131
36.3989 -1.45776 2.30222 132
36.4161 -1.64709 -0.0597154 133
36.4483 0.578082 -0.914965 134
34.9656 2.05693 0.830957 135
34.9622 0.829404 2.83338 136
34.9809 -1.46828 2.29883 137
34.995 -1.6428 -0.0655809 138
35.0291 0.58307 -0.974169 139
34.2405 1.58415 -0.314282 140
34.2292 1.75909 2.02395 141
34.2518 -0.412369 2.93905 142
34.2848 -1.95006 1.14138 143
34.3276 -0.651262 -0.855192 144
32.8286 1.55897 -0.314195 145
32.8133 1.74263 2.02116 146
32.8338 -0.428255 2.93218 147
32.8647 -1.95383 1.12526 148
32.9077 -0.682301 -0.912795 149
32.0997 0.503854 -0.961866 150
32.0788 2.01597 0.820252 151
32.0983 0.798594 2.83166 152
32.1379 -1.49524 2.27358 153
32.2036 -1.61599 -0.100337 154
30.6908 0.477995 -0.958702 155
30.6649 2.00082 0.820342 156
30.6824 0.780636 2.83405 157
30.7179 -1.51114 2.24662 158
30.787 -1.688 -0.1458 159
29.9423 -0.745683 -0.839701 160
29.922 1.50193 -0.303151 161
29.9366 1.69987 2.02168 162
29.985 -0.47188 2.91163 163
30.0563 -1.9422 1.05085 164
