88.2 0 0 0
91 0 0 1
86.1 -1.21244 0 0
88.9 -1.21244 0 1
84 -2.42487 0 0
86.8 -2.42487 0 1
81.9 -3.63731 0 0
84.7 -3.63731 0 1
79.8 -4.84974 0 0
82.6 -4.84974 0 1
77.7 -6.06218 0 0
80.5 -6.06218 0 1
75.6 -7.27461 0 0
78.4 -7.27461 0 1
73.5 -8.48705 0 0
76.3 -8.48705 0 1
71.4 -9.69948 0 0
74.2 -9.69948 0 1
69.3 -10.9119 0 0
72.1 -10.9119 0 1
67.2 -12.1244 0 0
70 -12.1244 0 1
65.1 -13.3368 0 0
67.9 -13.3368 0 1
63 -14.5492 0 0
65.8 -14.5492 0 1
60.9 -15.7617 0 0
63.7 -15.7617 0 1
58.8 -16.9741 0 0
61.6 -16.9741 0 1
56.7 -18.1865 0 0
59.5 -18.1865 0 1
54.6 -19.399 0 0
57.4 -19.399 0 1
52.5 -20.6114 0 0
55.3 -20.6114 0 1
50.4 -21.8238 0 0
53.2 -21.8238 0 1
48.3 -23.0363 0 0
51.1 -23.0363 0 1
46.2 -24.2487 0 0
49 -24.2487 0 1
44.1 -25.4611 0 0
46.9 -25.4611 0 1
86.1 1.21244 0 0
88.9 1.21244 0 1
84 0 0 0
86.8 0 0 1
81.9 -1.21244 0 0
84.7 -1.21244 0 1
79.8 -2.42487 0 0
82.6 -2.42487 0 1
77.7 -3.63731 0 0
80.5 -3.63731 0 1
75.6 -4.84974 0 0
78.4 -4.84974 0 1
73.5 -6.06218 0 0
76.3 -6.06218 0 1
71.4 -7.27461 0 0
74.2 -7.27461 0 1
69.3 -8.48705 0 0
72.1 -8.48705 0 1
67.2 -9.69948 0 0
70 -9.69948 0 1
65.1 -10.9119 0 0
67.9 -10.9119 0 1
63 -12.1244 0 0
65.8 -12.1244 0 1
60.9 -13.3368 0 0
63.7 -13.3368 0 1
58.8 -14.5492 0 0
61.6 -14.5492 0 1
56.7 -15.7617 0 0
59.5 -15.7617 0 1
54.6 -16.9741 0 0
57.4 -16.9741 0 1
52.5 -18.1865 0 0
55.3 -18.1865 0 1
50.4 -19.399 0 0
53.2 -19.399 0 1
48.3 -20.6114 0 0
51.1 -20.6114 0 1
46.2 -21.8238 0 0
49 -21.8238 0 1
44.1 -23.0363 0 0
46.9 -23.0363 0 1
42 -24.2487 0 0
44.8 -24.2487 0 1
84 2.42487 0 0
86.8 2.42487 0 1
81.9 1.21244 0 0
84.7 1.21244 0 1
79.8 0 0 0
82.6 0 0 1
77.7 -1.21244 0 0
80.5 -1.21244 0 1
75.6 -2.42487 0 0
78.4 -2.42487 0 1
73.5 -3.63731 0 0
76.3 -3.63731 0 1
71.4 -4.84974 0 0
74.2 -4.84974 0 1
69.3 -6.06218 0 0
72.1 -6.06218 0 1
67.2 -7.27461 0 0
70 -7.27461 0 1
65.1 -8.48705 0 0
67.9 -8.48705 0 1
63 -9.69948 0 0
65.8 -9.69948 0 1
60.9 -10.9119 0 0
63.7 -10.9119 0 1
58.8 -12.1244 0 0
61.6 -12.1244 0 1
56.7 -13.3368 0 0
59.5 -13.3368 0 1
54.6 -14.5492 0 0
57.4 -14.5492 0 1
52.5 -15.7617 0 0
55.3 -15.7617 0 1
50.4 -16.9741 0 0
53.2 -16.9741 0 1
48.3 -18.1865 0 0
51.1 -18.1865 0 1
46.2 -19.399 0 0
49 -19.399 0 1
44.1 -20.6114 0 0
46.9 -20.6114 0 1
42 -21.8238 0 0
44.8 -21.8238 0 1
39.9 -23.0363 0 0
42.7 -23.0363 0 1
81.9 3.63731 0 0
84.7 3.63731 0 1
79.8 2.42487 0 0
82.6 2.42487 0 1
77.7 1.21244 0 0
80.5 1.21244 0 1
75.6 0 0 0
78.4 0 0 1
73.5 -1.21244 0 0
76.3 -1.21244 0 1
71.4 -2.42487 0 0
74.2 -2.42487 0 1
69.3 -3.63731 0 0
72.1 -3.63731 0 1
67.2 -4.84974 0 0
70 -4.84974 0 1
65.1 -6.06218 0 0
67.9 -6.06218 0 1
63 -7.27461 0 0
65.8 -7.27461 0 1
60.9 -8.48705 0 0
63.7 -8.48705 0 1
58.8 -9.69948 0 0
61.6 -9.69948 0 1
56.7 -10.9119 0 0
59.5 -10.9119 0 1
54.6 -12.1244 0 0
57.4 -12.1244 0 1
52.5 -13.3368 0 0
55.3 -13.3368 0 1
50.4 -14.5492 0 0
53.2 -14.5492 0 1
48.3 -15.7617 0 0
51.1 -15.7617 0 1
46.2 -16.9741 0 0
49 -16.9741 0 1
44.1 -18.1865 0 0
46.9 -18.1865 0 1
42 -19.399 0 0
44.8 -19.399 0 1
39.9 -20.6114 0 0
42.7 -20.6114 0 1
37.8 -21.8238 0 0
40.6 -21.8238 0 1
79.8 4.84974 0 0
82.6 4.84974 0 1
77.7 3.63731 0 0
80.5 3.63731 0 1
75.6 2.42487 0 0
78.4 2.42487 0 1
73.5 1.21244 0 0
76.3 1.21244 0 1
71.4 0 0 0
74.2 0 0 1
69.3 -1.21244 0 0
72.1 -1.21244 0 1
67.2 -2.42487 0 0
70 -2.42487 0 1
65.1 -3.63731 0 0
67.9 -3.63731 0 1
63 -4.84974 0 0
65.8 -4.84974 0 1
60.9 -6.06218 0 0
63.7 -6.06218 0 1
58.8 -7.27461 0 0
61.6 -7.27461 0 1
56.7 -8.48705 0 0
59.5 -8.48705 0 1
54.6 -9.69948 0 0
57.4 -9.69948 0 1
52.5 -10.9119 0 0
55.3 -10.9119 0 1
50.4 -12.1244 0 0
53.2 -12.1244 0 1
48.3 -13.3368 0 0
51.1 -13.3368 0 1
46.2 -14.5492 0 0
49 -14.5492 0 1
44.1 -15.7617 0 0
46.9 -15.7617 0 1
42 -16.9741 0 0
44.8 -16.9741 0 1
39.9 -18.1865 0 0
42.7 -18.1865 0 1
37.8 -19.399 0 0
40.6 -19.399 0 1
35.7 -20.6114 0 0
38.5 -20.6114 0 1
77.7 6.06218 0 0
80.5 6.06218 0 1
75.6 4.84974 0 0
78.4 4.84974 0 1
73.5 3.63731 0 0
76.3 3.63731 0 1
71.4 2.42487 0 0
74.2 2.42487 0 1
69.3 1.21244 0 0
72.1 1.21244 0 1
67.2 0 0 0
70 0 0 1
65.1 -1.21244 0 0
67.9 -1.21244 0 1
63 -2.42487 0 0
65.8 -2.42487 0 1
60.9 -3.63731 0 0
63.7 -3.63731 0 1
58.8 -4.84974 0 0
61.6 -4.84974 0 1
56.7 -6.06218 0 0
59.5 -6.06218 0 1
54.6 -7.27461 0 0
57.4 -7.27461 0 1
52.5 -8.48705 0 0
55.3 -8.48705 0 1
50.4 -9.69948 0 0
53.2 -9.69948 0 1
48.3 -10.9119 0 0
51.1 -10.9119 0 1
46.2 -12.1244 0 0
49 -12.1244 0 1
44.1 -13.3368 0 0
46.9 -13.3368 0 1
42 -14.5492 0 0
44.8 -14.5492 0 1
39.9 -15.7617 0 0
42.7 -15.7617 0 1
37.8 -16.9741 0 0
40.6 -16.9741 0 1
35.7 -18.1865 0 0
38.5 -18.1865 0 1
33.6 -19.399 0 0
36.4 -19.399 0 1
75.6 7.27461 0 0
78.4 7.27461 0 1
73.5 6.06218 0 0
76.3 6.06218 0 1
71.4 4.84974 0 0
74.2 4.84974 0 1
69.3 3.63731 0 0
72.1 3.63731 0 1
67.2 2.42487 0 0
70 2.42487 0 1
65.1 1.21244 0 0
67.9 1.21244 0 1
63 0 0 0
65.8 0 0 1
60.9 -1.21244 0 0
63.7 -1.21244 0 1
58.8 -2.42487 0 0
61.6 -2.42487 0 1
56.7 -3.63731 0 0
59.5 -3.63731 0 1
54.6 -4.84974 0 0
57.4 -4.84974 0 1
52.5 -6.06218 0 0
55.3 -6.06218 0 1
50.4 -7.27461 0 0
53.2 -7.27461 0 1
48.3 -8.48705 0 0
51.1 -8.48705 0 1
46.2 -9.69948 0 0
49 -9.69948 0 1
44.1 -10.9119 0 0
46.9 -10.9119 0 1
42 -12.1244 0 0
44.8 -12.1244 0 1
39.9 -13.3368 0 0
42.7 -13.3368 0 1
37.8 -14.5492 0 0
40.6 -14.5492 0 1
35.7 -15.7617 0 0
38.5 -15.7617 0 1
33.6 -16.9741 0 0
36.4 -16.9741 0 1
31.5 -18.1865 0 0
34.3 -18.1865 0 1
73.5 8.48705 0 0
76.3 8.48705 0 1
71.4 7.27461 0 0
74.2 7.27461 0 1
69.3 6.06218 0 0
72.1 6.06218 0 1
67.2 4.84974 0 0
70 4.84974 0 1
65.1 3.63731 0 0
67.9 3.63731 0 1
63 2.42487 0 0
65.8 2.42487 0 1
60.9 1.21244 0 0
63.7 1.21244 0 1
58.8 0 0 0
61.6 0 0 1
56.7 -1.21244 0 0
59.5 -1.21244 0 1
54.6 -2.42487 0 0
57.4 -2.42487 0 1
52.5 -3.63731 0 0
55.3 -3.63731 0 1
50.4 -4.84974 0 0
53.2 -4.84974 0 1
48.3 -6.06218 0 0
51.1 -6.06218 0 1
46.2 -7.27461 0 0
49 -7.27461 0 1
44.1 -8.48705 0 0
46.9 -8.48705 0 1
42 -9.69948 0 0
44.8 -9.69948 0 1
39.9 -10.9119 0 0
42.7 -10.9119 0 1
37.8 -12.1244 0 0
40.6 -12.1244 0 1
35.7 -13.3368 0 0
38.5 -13.3368 0 1
33.6 -14.5492 0 0
36.4 -14.5492 0 1
31.5 -15.7617 0 0
34.3 -15.7617 0 1
29.4 -16.9741 0 0
32.2 -16.9741 0 1
71.4 9.69948 0 0
74.2 9.69948 0 1
69.3 8.48705 0 0
72.1 8.48705 0 1
67.2 7.27461 0 0
70 7.27461 0 1
65.1 6.06218 0 0
67.9 6.06218 0 1
63 4.84974 0 0
65.8 4.84974 0 1
60.9 3.63731 0 0
63.7 3.63731 0 1
58.8 2.42487 0 0
61.6 2.42487 0 1
56.7 1.21244 0 0
59.5 1.21244 0 1
54.6 0 0 0
57.4 0 0 1
52.5 -1.21244 0 0
55.3 -1.21244 0 1
50.4 -2.42487 0 0
53.2 -2.42487 0 1
48.3 -3.63731 0 0
51.1 -3.63731 0 1
46.2 -4.84974 0 0
49 -4.84974 0 1
44.1 -6.06218 0 0
46.9 -6.06218 0 1
42 -7.27461 0 0
44.8 -7.27461 0 1
39.9 -8.48705 0 0
42.7 -8.48705 0 1
37.8 -9.69948 0 0
40.6 -9.69948 0 1
35.7 -10.9119 0 0
38.5 -10.9119 0 1
33.6 -12.1244 0 0
36.4 -12.1244 0 1
31.5 -13.3368 0 0
34.3 -13.3368 0 1
29.4 -14.5492 0 0
32.2 -14.5492 0 1
27.3 -15.7617 0 0
30.1 -15.7617 0 1
69.3 10.9119 0 0
72.1 10.9119 0 1
67.2 9.69948 0 0
70 9.69948 0 1
65.1 8.48705 0 0
67.9 8.48705 0 1
63 7.27461 0 0
65.8 7.27461 0 1
60.9 6.06218 0 0
63.7 6.06218 0 1
58.8 4.84974 0 0
61.6 4.84974 0 1
56.7 3.63731 0 0
59.5 3.63731 0 1
54.6 2.42487 0 0
57.4 2.42487 0 1
52.5 1.21244 0 0
55.3 1.21244 0 1
50.4 0 0 0
53.2 0 0 1
48.3 -1.21244 0 0
51.1 -1.21244 0 1
46.2 -2.42487 0 0
49 -2.42487 0 1
44.1 -3.63731 0 0
46.9 -3.63731 0 1
42 -4.84974 0 0
44.8 -4.84974 0 1
39.9 -6.06218 0 0
42.7 -6.06218 0 1
37.8 -7.27461 0 0
40.6 -7.27461 0 1
35.7 -8.48705 0 0
38.5 -8.48705 0 1
33.6 -9.69948 0 0
36.4 -9.69948 0 1
31.5 -10.9119 0 0
34.3 -10.9119 0 1
29.4 -12.1244 0 0
32.2 -12.1244 0 1
27.3 -13.3368 0 0
30.1 -13.3368 0 1
25.2 -14.5492 0 0
28 -14.5492 0 1
67.2 12.1244 0 0
70 12.1244 0 1
65.1 10.9119 0 0
67.9 10.9119 0 1
63 9.69948 0 0
65.8 9.69948 0 1
60.9 8.48705 0 0
63.7 8.48705 0 1
58.8 7.27461 0 0
61.6 7.27461 0 1
56.7 6.06218 0 0
59.5 6.06218 0 1
54.6 4.84974 0 0
57.4 4.84974 0 1
52.5 3.63731 0 0
55.3 3.63731 0 1
50.4 2.42487 0 0
53.2 2.42487 0 1
48.3 1.21244 0 0
51.1 1.21244 0 1
46.2 0 0 0
49 0 0 1
44.1 -1.21244 0 0
46.9 -1.21244 0 1
42 -2.42487 0 0
44.8 -2.42487 0 1
39.9 -3.63731 0 0
42.7 -3.63731 0 1
37.8 -4.84974 0 0
40.6 -4.84974 0 1
35.7 -6.06218 0 0
38.5 -6.06218 0 1
33.6 -7.27461 0 0
36.4 -7.27461 0 1
31.5 -8.48705 0 0
34.3 -8.48705 0 1
29.4 -9.69948 0 0
32.2 -9.69948 0 1
27.3 -10.9119 0 0
30.1 -10.9119 0 1
25.2 -12.1244 0 0
28 -12.1244 0 1
23.1 -13.3368 0 0
25.9 -13.3368 0 1
65.1 13.3368 0 0
67.9 13.3368 0 1
63 12.1244 0 0
65.8 12.1244 0 1
60.9 10.9119 0 0
63.7 10.9119 0 1
58.8 9.69948 0 0
61.6 9.69948 0 1
56.7 8.48705 0 0
59.5 8.48705 0 1
54.6 7.27461 0 0
57.4 7.27461 0 1
52.5 6.06218 0 0
55.3 6.06218 0 1
50.4 4.84974 0 0
53.2 4.84974 0 1
48.3 3.63731 0 0
51.1 3.63731 0 1
46.2 2.42487 0 0
49 2.42487 0 1
44.1 1.21244 0 0
46.9 1.21244 0 1
42 0 0 0
44.8 0 0 1
39.9 -1.21244 0 0
42.7 -1.21244 0 1
37.8 -2.42487 0 0
40.6 -2.42487 0 1
35.7 -3.63731 0 0
38.5 -3.63731 0 1
33.6 -4.84974 0 0
36.4 -4.84974 0 1
31.5 -6.06218 0 0
34.3 -6.06218 0 1
29.4 -7.27461 0 0
32.2 -7.27461 0 1
27.3 -8.48705 0 0
30.1 -8.48705 0 1
25.2 -9.69948 0 0
28 -9.69948 0 1
23.1 -10.9119 0 0
25.9 -10.9119 0 1
21 -12.1244 0 0
23.8 -12.1244 0 1
63 14.5492 0 0
65.8 14.5492 0 1
60.9 13.3368 0 0
63.7 13.3368 0 1
58.8 12.1244 0 0
61.6 12.1244 0 1
56.7 10.9119 0 0
59.5 10.9119 0 1
54.6 9.69948 0 0
57.4 9.69948 0 1
52.5 8.48705 0 0
55.3 8.48705 0 1
50.4 7.27461 0 0
53.2 7.27461 0 1
48.3 6.06218 0 0
51.1 6.06218 0 1
46.2 4.84974 0 0
49 4.84974 0 1
44.1 3.63731 0 0
46.9 3.63731 0 1
42 2.42487 0 0
44.8 2.42487 0 1
39.9 1.21244 0 0
42.7 1.21244 0 1
37.8 0 0 0
40.6 0 0 1
35.7 -1.21244 0 0
38.5 -1.21244 0 1
33.6 -2.42487 0 0
36.4 -2.42487 0 1
31.5 -3.63731 0 0
34.3 -3.63731 0 1
29.4 -4.84974 0 0
32.2 -4.84974 0 1
27.3 -6.06218 0 0
30.1 -6.06218 0 1
25.2 -7.27461 0 0
28 -7.27461 0 1
23.1 -8.48705 0 0
25.9 -8.48705 0 1
21 -9.69948 0 0
23.8 -9.69948 0 1
18.9 -10.9119 0 0
21.7 -10.9119 0 1
60.9 15.7617 0 0
63.7 15.7617 0 1
58.8 14.5492 0 0
61.6 14.5492 0 1
56.7 13.3368 0 0
59.5 13.3368 0 1
54.6 12.1244 0 0
57.4 12.1244 0 1
52.5 10.9119 0 0
55.3 10.9119 0 1
50.4 9.69948 0 0
53.2 9.69948 0 1
48.3 8.48705 0 0
51.1 8.48705 0 1
46.2 7.27461 0 0
49 7.27461 0 1
44.1 6.06218 0 0
46.9 6.06218 0 1
42 4.84974 0 0
44.8 4.84974 0 1
39.9 3.63731 0 0
42.7 3.63731 0 1
37.8 2.42487 0 0
40.6 2.42487 0 1
35.7 1.21244 0 0
38.5 1.21244 0 1
33.6 0 0 0
36.4 0 0 1
31.5 -1.21244 0 0
34.3 -1.21244 0 1
29.4 -2.42487 0 0
32.2 -2.42487 0 1
27.3 -3.63731 0 0
30.1 -3.63731 0 1
25.2 -4.84974 0 0
28 -4.84974 0 1
23.1 -6.06218 0 0
25.9 -6.06218 0 1
21 -7.27461 0 0
23.8 -7.27461 0 1
18.9 -8.48705 0 0
21.7 -8.48705 0 1
16.8 -9.69948 0 0
19.6 -9.69948 0 1
58.8 16.9741 0 0
61.6 16.9741 0 1
56.7 15.7617 0 0
59.5 15.7617 0 1
54.6 14.5492 0 0
57.4 14.5492 0 1
52.5 13.3368 0 0
55.3 13.3368 0 1
50.4 12.1244 0 0
53.2 12.1244 0 1
48.3 10.9119 0 0
51.1 10.9119 0 1
46.2 9.69948 0 0
49 9.69948 0 1
44.1 8.48705 0 0
46.9 8.48705 0 1
42 7.27461 0 0
44.8 7.27461 0 1
39.9 6.06218 0 0
42.7 6.06218 0 1
37.8 4.84974 0 0
40.6 4.84974 0 1
35.7 3.63731 0 0
38.5 3.63731 0 1
33.6 2.42487 0 0
36.4 2.42487 0 1
31.5 1.21244 0 0
34.3 1.21244 0 1
29.4 0 0 0
32.2 0 0 1
27.3 -1.21244 0 0
30.1 -1.21244 0 1
25.2 -2.42487 0 0
28 -2.42487 0 1
23.1 -3.63731 0 0
25.9 -3.63731 0 1
21 -4.84974 0 0
23.8 -4.84974 0 1
18.9 -6.06218 0 0
21.7 -6.06218 0 1
16.8 -7.27461 0 0
19.6 -7.27461 0 1
14.7 -8.48705 0 0
17.5 -8.48705 0 1
56.7 18.1865 0 0
59.5 18.1865 0 1
54.6 16.9741 0 0
57.4 16.9741 0 1
52.5 15.7617 0 0
55.3 15.7617 0 1
50.4 14.5492 0 0
53.2 14.5492 0 1
48.3 13.3368 0 0
51.1 13.3368 0 1
46.2 12.1244 0 0
49 12.1244 0 1
44.1 10.9119 0 0
46.9 10.9119 0 1
42 9.69948 0 0
44.8 9.69948 0 1
39.9 8.48705 0 0
42.7 8.48705 0 1
37.8 7.27461 0 0
40.6 7.27461 0 1
35.7 6.06218 0 0
38.5 6.06218 0 1
33.6 4.84974 0 0
36.4 4.84974 0 1
31.5 3.63731 0 0
34.3 3.63731 0 1
29.4 2.42487 0 0
32.2 2.42487 0 1
27.3 1.21244 0 0
30.1 1.21244 0 1
25.2 0 0 0
28 0 0 1
23.1 -1.21244 0 0
25.9 -1.21244 0 1
21 -2.42487 0 0
23.8 -2.42487 0 1
18.9 -3.63731 0 0
21.7 -3.63731 0 1
16.8 -4.84974 0 0
19.6 -4.84974 0 1
14.7 -6.06218 0 0
17.5 -6.06218 0 1
12.6 -7.27461 0 0
15.4 -7.27461 0 1
54.6 19.399 0 0
57.4 19.399 0 1
52.5 18.1865 0 0
55.3 18.1865 0 1
50.4 16.9741 0 0
53.2 16.9741 0 1
48.3 15.7617 0 0
51.1 15.7617 0 1
46.2 14.5492 0 0
49 14.5492 0 1
44.1 13.3368 0 0
46.9 13.3368 0 1
42 12.1244 0 0
44.8 12.1244 0 1
39.9 10.9119 0 0
42.7 10.9119 0 1
37.8 9.69948 0 0
40.6 9.69948 0 1
35.7 8.48705 0 0
38.5 8.48705 0 1
33.6 7.27461 0 0
36.4 7.27461 0 1
31.5 6.06218 0 0
34.3 6.06218 0 1
29.4 4.84974 0 0
32.2 4.84974 0 1
27.3 3.63731 0 0
30.1 3.63731 0 1
25.2 2.42487 0 0
28 2.42487 0 1
23.1 1.21244 0 0
25.9 1.21244 0 1
21 0 0 0
23.8 0 0 1
18.9 -1.21244 0 0
21.7 -1.21244 0 1
16.8 -2.42487 0 0
19.6 -2.42487 0 1
14.7 -3.63731 0 0
17.5 -3.63731 0 1
12.6 -4.84974 0 0
15.4 -4.84974 0 1
10.5 -6.06218 0 0
13.3 -6.06218 0 1
52.5 20.6114 0 0
55.3 20.6114 0 1
50.4 19.399 0 0
53.2 19.399 0 1
48.3 18.1865 0 0
51.1 18.1865 0 1
46.2 16.9741 0 0
49 16.9741 0 1
44.1 15.7617 0 0
46.9 15.7617 0 1
42 14.5492 0 0
44.8 14.5492 0 1
39.9 13.3368 0 0
42.7 13.3368 0 1
37.8 12.1244 0 0
40.6 12.1244 0 1
35.7 10.9119 0 0
38.5 10.9119 0 1
33.6 9.69948 0 0
36.4 9.69948 0 1
31.5 8.48705 0 0
34.3 8.48705 0 1
29.4 7.27461 0 0
32.2 7.27461 0 1
27.3 6.06218 0 0
30.1 6.06218 0 1
25.2 4.84974 0 0
28 4.84974 0 1
23.1 3.63731 0 0
25.9 3.63731 0 1
21 2.42487 0 0
23.8 2.42487 0 1
18.9 1.21244 0 0
21.7 1.21244 0 1
16.8 0 0 0
19.6 0 0 1
14.7 -1.21244 0 0
17.5 -1.21244 0 1
12.6 -2.42487 0 0
15.4 -2.42487 0 1
10.5 -3.63731 0 0
13.3 -3.63731 0 1
8.4 -4.84974 0 0
11.2 -4.84974 0 1
50.4 21.8238 0 0
53.2 21.8238 0 1
48.3 20.6114 0 0
51.1 20.6114 0 1
46.2 19.399 0 0
49 19.399 0 1
44.1 18.1865 0 0
46.9 18.1865 0 1
42 16.9741 0 0
44.8 16.9741 0 1
39.9 15.7617 0 0
42.7 15.7617 0 1
37.8 14.5492 0 0
40.6 14.5492 0 1
35.7 13.3368 0 0
38.5 13.3368 0 1
33.6 12.1244 0 0
36.4 12.1244 0 1
31.5 10.9119 0 0
34.3 10.9119 0 1
29.4 9.69948 0 0
32.2 9.69948 0 1
27.3 8.48705 0 0
30.1 8.48705 0 1
25.2 7.27461 0 0
28 7.27461 0 1
23.1 6.06218 0 0
25.9 6.06218 0 1
21 4.84974 0 0
23.8 4.84974 0 1
18.9 3.63731 0 0
21.7 3.63731 0 1
16.8 2.42487 0 0
19.6 2.42487 0 1
14.7 1.21244 0 0
17.5 1.21244 0 1
12.6 0 0 0
15.4 0 0 1
10.5 -1.21244 0 0
13.3 -1.21244 0 1
8.4 -2.42487 0 0
11.2 -2.42487 0 1
6.3 -3.63731 0 0
9.1 -3.63731 0 1
48.3 23.0363 0 0
51.1 23.0363 0 1
46.2 21.8238 0 0
49 21.8238 0 1
44.1 20.6114 0 0
46.9 20.6114 0 1
42 19.399 0 0
44.8 19.399 0 1
39.9 18.1865 0 0
42.7 18.1865 0 1
37.8 16.9741 0 0
40.6 16.9741 0 1
35.7 15.7617 0 0
38.5 15.7617 0 1
33.6 14.5492 0 0
36.4 14.5492 0 1
31.5 13.3368 0 0
34.3 13.3368 0 1
29.4 12.1244 0 0
32.2 12.1244 0 1
27.3 10.9119 0 0
30.1 10.9119 0 1
25.2 9.69948 0 0
28 9.69948 0 1
23.1 8.48705 0 0
25.9 8.48705 0 1
21 7.27461 0 0
23.8 7.27461 0 1
18.9 6.06218 0 0
21.7 6.06218 0 1
16.8 4.84974 0 0
19.6 4.84974 0 1
14.7 3.63731 0 0
17.5 3.63731 0 1
12.6 2.42487 0 0
15.4 2.42487 0 1
10.5 1.21244 0 0
13.3 1.21244 0 1
8.4 0 0 0
11.2 0 0 1
6.3 -1.21244 0 0
9.1 -1.21244 0 1
4.2 -2.42487 0 0
7 -2.42487 0 1
46.2 24.2487 0 0
49 24.2487 0 1
44.1 23.0363 0 0
46.9 23.0363 0 1
42 21.8238 0 0
44.8 21.8238 0 1
39.9 20.6114 0 0
42.7 20.6114 0 1
37.8 19.399 0 0
40.6 19.399 0 1
35.7 18.1865 0 0
38.5 18.1865 0 1
33.6 16.9741 0 0
36.4 16.9741 0 1
31.5 15.7617 0 0
34.3 15.7617 0 1
29.4 14.5492 0 0
32.2 14.5492 0 1
27.3 13.3368 0 0
30.1 13.3368 0 1
25.2 12.1244 0 0
28 12.1244 0 1
23.1 10.9119 0 0
25.9 10.9119 0 1
21 9.69948 0 0
23.8 9.69948 0 1
18.9 8.48705 0 0
21.7 8.48705 0 1
16.8 7.27461 0 0
19.6 7.27461 0 1
14.7 6.06218 0 0
17.5 6.06218 0 1
12.6 4.84974 0 0
15.4 4.84974 0 1
10.5 3.63731 0 0
13.3 3.63731 0 1
8.4 2.42487 0 0
11.2 2.42487 0 1
6.3 1.21244 0 0
9.1 1.21244 0 1
4.2 0 0 0
7 0 0 1
2.1 -1.21244 0 0
4.9 -1.21244 0 1
44.1 25.4611 0 0
46.9 25.4611 0 1
42 24.2487 0 0
44.8 24.2487 0 1
39.9 23.0363 0 0
42.7 23.0363 0 1
37.8 21.8238 0 0
40.6 21.8238 0 1
35.7 20.6114 0 0
38.5 20.6114 0 1
33.6 19.399 0 0
36.4 19.399 0 1
31.5 18.1865 0 0
34.3 18.1865 0 1
29.4 16.9741 0 0
32.2 16.9741 0 1
27.3 15.7617 0 0
30.1 15.7617 0 1
25.2 14.5492 0 0
28 14.5492 0 1
23.1 13.3368 0 0
25.9 13.3368 0 1
21 12.1244 0 0
23.8 12.1244 0 1
18.9 10.9119 0 0
21.7 10.9119 0 1
16.8 9.69948 0 0
19.6 9.69948 0 1
14.7 8.48705 0 0
17.5 8.48705 0 1
12.6 7.27461 0 0
15.4 7.27461 0 1
10.5 6.06218 0 0
13.3 6.06218 0 1
8.4 4.84974 0 0
11.2 4.84974 0 1
6.3 3.63731 0 0
9.1 3.63731 0 1
4.2 2.42487 0 0
7 2.42487 0 1
2.1 1.21244 0 0
4.9 1.21244 0 1
0 0 0 0
2.8 0 0 1
45.6233 17.5978 3.08418 0
46.9787 17.4764 2.57505 1
46.8778 17.4298 1.15194 2
44.7491 17.7895 1.97074 3
45.318 16.5008 3.95474 4
46.5796 15.8839 4.22926 5
47.6047 16.4748 3.40749 6
48.4523 15.6982 2.55856 7
48.5943 15.7379 1.13124 8
46.6035 14.4687 4.38969 9
47.6435 13.7229 3.77608 10
48.5663 14.3214 2.88249 11
49.2704 13.6432 1.84045 12
43.4532 17.3011 1.64302 13
43.1184 16.5973 2.86339 14
44.0079 15.9538 3.77168 15
44.1965 14.6163 4.27926 16
45.3337 13.8356 4.62381 17
41.5462 15.7597 1.28177 18
41.894 15.8719 2.66102 19
42.0853 14.5429 3.20661 20
43.001 13.8474 4.02216 21
41.0346 14.4278 1.16556 22
41.1912 13.7279 2.41513 23
47.7045 12.3088 3.90782 24
49.0089 12.2451 1.83495 25
45.421 12.4172 4.76064 26
43.0794 12.4377 4.1878 27
41.5267 12.3517 2.37237 28
46.597 11.6459 4.52403 29
48.5162 11.5863 2.98791 30
44.1895 11.6815 4.66994 31
42.1426 11.6525 3.44084 32
41.1858 11.6239 1.20367 33
46.625 10.2235 4.53069 34
48.5073 10.1643 2.98317 35
44.2147 10.2629 4.69388 36
42.1511 10.2373 3.44195 37
41.2122 10.2096 1.20251 38
45.4193 9.50543 4.8013 39
47.6652 9.47882 3.90704 40
48.9708 9.47118 1.83176 41
43.0882 9.51376 4.23659 42
41.5067 9.51022 2.40417 43
45.4234 8.08631 4.79667 44
47.6717 8.05779 3.89319 45
48.9651 8.05011 1.82981 46
43.0737 8.09587 4.22427 47
41.4963 8.09246 2.37852 48
44.201 7.35974 4.69339 49
46.6076 7.34449 4.51872 50
48.4694 7.33959 2.9593 51
42.1398 7.37622 3.42778 52
41.2055 7.39064 1.17949 53
44.1864 5.94288 4.67909 54
46.6051 5.92653 4.50555 55
48.4657 5.92065 2.94419 56
42.1215 5.95851 3.4037 57
41.197 5.97289 1.15172 58
43.0506 5.23006 4.19985 59
45.4045 5.21041 4.77683 60
47.6514 5.20299 3.86569 61
48.939 5.21334 1.80295 62
41.478 5.25568 2.3481 63
43.0347 3.81225 4.18162 64
45.3939 3.79252 4.76223 65
47.6446 3.7841 3.8488 66
48.9312 3.79445 1.78712 67
41.4647 3.83792 2.32467 68
42.0989 3.11178 3.37145 69
44.1641 3.08409 4.65168 70
46.5857 3.06874 4.47595 71
48.4452 3.0719 2.91277 72
41.1784 3.14314 1.11838 73
42.0859 1.69396 3.35201 74
44.1513 1.66625 4.63523 75
46.576 1.65086 4.46028 76
48.4364 1.65304 2.89502 77
41.1664 1.72432 1.09885 78
41.443 0.998205 2.29043 79
43.0121 0.965522 4.14937 80
45.3724 0.941762 4.73186 81
47.6241 0.935347 3.81738 82
48.9106 0.948717 1.75375 83
41.4313 -0.419649 2.27391 84
43.0003 -0.452334 4.13284 85
45.3606 -0.477094 4.71532 86
47.6143 -0.483523 3.80071 87
48.8998 -0.470132 1.73614 88
41.1459 -1.11441 1.06556 89
42.0633 -1.14875 3.31881 90
44.1287 -1.17948 4.60299 91
46.5544 -1.19587 4.42796 92
48.4148 -1.1917 2.86273 93
41.1334 -2.53231 1.0531 94
42.0526 -2.56663 3.30321 95
44.118 -2.59835 4.58639 96
46.5436 -2.61474 4.41135 97
48.4049 -2.61056 2.84505 98
41.4096 -3.26237 2.24064 99
42.9787 -3.29706 4.09955 100
45.3391 -3.32083 4.68304 101
47.5926 -3.32825 3.76741 102
48.8791 -3.31386 1.70279 103
41.3999 -4.68026 2.22497 104
42.9679 -4.71492 4.08295 105
45.3282 -4.73968 4.66543 106
47.5819 -4.74611 3.75082 107
48.8673 -4.73171 1.68527 108
41.1136 -5.37702 1.01766 109
42.0309 -5.41134 3.26892 110
44.0963 -5.44207 4.5531 111
46.522 -5.45846 4.37807 112
48.3833 -5.45428 2.81177 113
41.1037 -6.79488 1 114
42.021 -6.8292 3.25125 115
44.0855 -6.85992 4.53551 116
46.5112 -6.87632 4.36147 117
48.3725 -6.87213 2.79417 118
41.3782 -7.52496 2.18968 119
42.9462 -7.55863 4.04867 120
45.3066 -7.5834 4.63215 121
47.5602 -7.58982 3.71654 122
48.8456 -7.57442 1.651 123
41.3683 -8.94381 2.172 124
42.9354 -8.97748 4.03107 125
45.2957 -9.00225 4.61454 126
47.5493 -9.00867 3.69893 127
48.8337 -8.99326 1.63347 128
41.9993 -9.67391 3.21696 129
44.0638 -9.70463 4.50122 130
46.4895 -9.72104 4.32718 131
48.3498 -9.71584 2.75997 132
41.9895 -11.0928 3.19929 133
44.0539 -11.1235 4.48354 134
46.4786 -11.1389 4.30859 135
48.3379 -11.1347 2.74143 136
41.3486 -11.7895 2.13756 137
42.9146 -11.8232 3.99669 138
45.275 -11.848 4.58017 139
47.5275 -11.8534 3.66364 140
48.8109 -11.8359 1.59727 141
41.3397 -13.2084 2.11881 142
42.9047 -13.241 3.97803 143
45.264 -13.2658 4.56058 144
47.5156 -13.2722 3.64511 145
48.799 -13.2548 1.57874 146
41.9697 -13.9405 3.16382 147
44.0331 -13.9712 4.44815 148
46.4568 -13.9866 4.27327 149
48.3159 -13.9793 2.70415 150
41.9607 -15.3583 3.14509 151
44.0231 -15.389 4.42849 152
46.4457 -15.4044 4.25268 153
48.3029 -15.3982 2.68469 154
41.3209 -16.0591 2.08424 155
42.8848 -16.0917 3.94153 156
45.2432 -16.1155 4.52416 157
47.4936 -16.1189 3.60681 158
48.7738 -16.0964 1.53672 159
41.312 -17.477 2.0665 160
42.8759 -17.5096 3.9228 161
45.2332 -17.5333 4.50451 162
47.4835 -17.5377 3.58614 163
48.7605 -17.5161 1.51426 164
41.9447 -18.214 3.10725 165
44.0039 -18.2437 4.38788 166
46.4245 -18.256 4.21126 167
48.2785 -18.2437 2.63956 168
