79.8 0 0 0
82.6 0 0 1
77.7 -1.21244 0 0
80.5 -1.21244 0 1
75.6 -2.42487 0 0
78.4 -2.42487 0 1
73.5 -3.63731 0 0
76.3 -3.63731 0 1
71.4 -4.84974 0 0
74.2 -4.84974 0 1
69.3 -6.06218 0 0
72.1 -6.06218 0 1
67.2 -7.27461 0 0
70 -7.27461 0 1
65.1 -8.48705 0 0
67.9 -8.48705 0 1
63 -9.69948 0 0
65.8 -9.69948 0 1
60.9 -10.9119 0 0
63.7 -10.9119 0 1
58.8 -12.1244 0 0
61.6 -12.1244 0 1
56.7 -13.3368 0 0
59.5 -13.3368 0 1
54.6 -14.5492 0 0
57.4 -14.5492 0 1
52.5 -15.7617 0 0
55.3 -15.7617 0 1
50.4 -16.9741 0 0
53.2 -16.9741 0 1
48.3 -18.1865 0 0
51.1 -18.1865 0 1
46.2 -19.399 0 0
49 -19.399 0 1
44.1 -20.6114 0 0
46.9 -20.6114 0 1
42 -21.8238 0 0
44.8 -21.8238 0 1
39.9 -23.0363 0 0
42.7 -23.0363 0 1
77.7 1.21244 0 0
80.5 1.21244 0 1
75.6 0 0 0
78.4 0 0 1
73.5 -1.21244 0 0
76.3 -1.21244 0 1
71.4 -2.42487 0 0
74.2 -2.42487 0 1
69.3 -3.63731 0 0
72.1 -3.63731 0 1
67.2 -4.84974 0 0
70 -4.84974 0 1
65.1 -6.06218 0 0
67.9 -6.06218 0 1
63 -7.27461 0 0
65.8 -7.27461 0 1
60.9 -8.48705 0 0
63.7 -8.48705 0 1
58.8 -9.69948 0 0
61.6 -9.69948 0 1
56.7 -10.9119 0 0
59.5 -10.9119 0 1
54.6 -12.1244 0 0
57.4 -12.1244 0 1
52.5 -13.3368 0 0
55.3 -13.3368 0 1
50.4 -14.5492 0 0
53.2 -14.5492 0 1
48.3 -15.7617 0 0
51.1 -15.7617 0 1
46.2 -16.9741 0 0
49 -16.9741 0 1
44.1 -18.1865 0 0
46.9 -18.1865 0 1
42 -19.399 0 0
44.8 -19.399 0 1
39.9 -20.6114 0 0
42.7 -20.6114 0 1
37.8 -21.8238 0 0
40.6 -21.8238 0 1
75.6 2.42487 0 0
78.4 2.42487 0 1
73.5 1.21244 0 0
76.3 1.21244 0 1
71.4 0 0 0
74.2 0 0 1
69.3 -1.21244 0 0
72.1 -1.21244 0 1
67.2 -2.42487 0 0
70 -2.42487 0 1
65.1 -3.63731 0 0
67.9 -3.63731 0 1
63 -4.84974 0 0
65.8 -4.84974 0 1
60.9 -6.06218 0 0
63.7 -6.06218 0 1
58.8 -7.27461 0 0
61.6 -7.27461 0 1
56.7 -8.48705 0 0
59.5 -8.48705 0 1
54.6 -9.69948 0 0
57.4 -9.69948 0 1
52.5 -10.9119 0 0
55.3 -10.9119 0 1
50.4 -12.1244 0 0
53.2 -12.1244 0 1
48.3 -13.3368 0 0
51.1 -13.3368 0 1
46.2 -14.5492 0 0
49 -14.5492 0 1
44.1 -15.7617 0 0
46.9 -15.7617 0 1
42 -16.9741 0 0
44.8 -16.9741 0 1
39.9 -18.1865 0 0
42.7 -18.1865 0 1
37.8 -19.399 0 0
40.6 -19.399 0 1
35.7 -20.6114 0 0
38.5 -20.6114 0 1
73.5 3.63731 0 0
76.3 3.63731 0 1
71.4 2.42487 0 0
74.2 2.42487 0 1
69.3 1.21244 0 0
72.1 1.21244 0 1
67.2 0 0 0
70 0 0 1
65.1 -1.21244 0 0
67.9 -1.21244 0 1
63 -2.42487 0 0
65.8 -2.42487 0 1
60.9 -3.63731 0 0
63.7 -3.63731 0 1
58.8 -4.84974 0 0
61.6 -4.84974 0 1
56.7 -6.06218 0 0
59.5 -6.06218 0 1
54.6 -7.27461 0 0
57.4 -7.27461 0 1
52.5 -8.48705 0 0
55.3 -8.48705 0 1
50.4 -9.69948 0 0
53.2 -9.69948 0 1
48.3 -10.9119 0 0
51.1 -10.9119 0 1
46.2 -12.1244 0 0
49 -12.1244 0 1
44.1 -13.3368 0 0
46.9 -13.3368 0 1
42 -14.5492 0 0
44.8 -14.5492 0 1
39.9 -15.7617 0 0
42.7 -15.7617 0 1
37.8 -16.9741 0 0
40.6 -16.9741 0 1
35.7 -18.1865 0 0
38.5 -18.1865 0 1
33.6 -19.399 0 0
36.4 -19.399 0 1
71.4 4.84974 0 0
74.2 4.84974 0 1
69.3 3.63731 0 0
72.1 3.63731 0 1
67.2 2.42487 0 0
70 2.42487 0 1
65.1 1.21244 0 0
67.9 1.21244 0 1
63 0 0 0
65.8 0 0 1
60.9 -1.21244 0 0
63.7 -1.21244 0 1
58.8 -2.42487 0 0
61.6 -2.42487 0 1
56.7 -3.63731 0 0
59.5 -3.63731 0 1
54.6 -4.84974 0 0
57.4 -4.84974 0 1
52.5 -6.06218 0 0
55.3 -6.06218 0 1
50.4 -7.27461 0 0
53.2 -7.27461 0 1
48.3 -8.48705 0 0
51.1 -8.48705 0 1
46.2 -9.69948 0 0
49 -9.69948 0 1
44.1 -10.9119 0 0
46.9 -10.9119 0 1
42 -12.1244 0 0
44.8 -12.1244 0 1
39.9 -13.3368 0 0
42.7 -13.3368 0 1
37.8 -14.5492 0 0
40.6 -14.5492 0 1
35.7 -15.7617 0 0
38.5 -15.7617 0 1
33.6 -16.9741 0 0
36.4 -16.9741 0 1
31.5 -18.1865 0 0
34.3 -18.1865 0 1
69.3 6.06218 0 0
72.1 6.06218 0 1
67.2 4.84974 0 0
70 4.84974 0 1
65.1 3.63731 0 0
67.9 3.63731 0 1
63 2.42487 0 0
65.8 2.42487 0 1
60.9 1.21244 0 0
63.7 1.21244 0 1
58.8 0 0 0
61.6 0 0 1
56.7 -1.21244 0 0
59.5 -1.21244 0 1
54.6 -2.42487 0 0
57.4 -2.42487 0 1
52.5 -3.63731 0 0
55.3 -3.63731 0 1
50.4 -4.84974 0 0
53.2 -4.84974 0 1
48.3 -6.06218 0 0
51.1 -6.06218 0 1
46.2 -7.27461 0 0
49 -7.27461 0 1
44.1 -8.48705 0 0
46.9 -8.48705 0 1
42 -9.69948 0 0
44.8 -9.69948 0 1
39.9 -10.9119 0 0
42.7 -10.9119 0 1
37.8 -12.1244 0 0
40.6 -12.1244 0 1
35.7 -13.3368 0 0
38.5 -13.3368 0 1
33.6 -14.5492 0 0
36.4 -14.5492 0 1
31.5 -15.7617 0 0
34.3 -15.7617 0 1
29.4 -16.9741 0 0
32.2 -16.9741 0 1
67.2 7.27461 0 0
70 7.27461 0 1
65.1 6.06218 0 0
67.9 6.06218 0 1
63 4.84974 0 0
65.8 4.84974 0 1
60.9 3.63731 0 0
63.7 3.63731 0 1
58.8 2.42487 0 0
61.6 2.42487 0 1
56.7 1.21244 0 0
59.5 1.21244 0 1
54.6 0 0 0
57.4 0 0 1
52.5 -1.21244 0 0
55.3 -1.21244 0 1
50.4 -2.42487 0 0
53.2 -2.42487 0 1
48.3 -3.63731 0 0
51.1 -3.63731 0 1
46.2 -4.84974 0 0
49 -4.84974 0 1
44.1 -6.06218 0 0
46.9 -6.06218 0 1
42 -7.27461 0 0
44.8 -7.27461 0 1
39.9 -8.48705 0 0
42.7 -8.48705 0 1
37.8 -9.69948 0 0
40.6 -9.69948 0 1
35.7 -10.9119 0 0
38.5 -10.9119 0 1
33.6 -12.1244 0 0
36.4 -12.1244 0 1
31.5 -13.3368 0 0
34.3 -13.3368 0 1
29.4 -14.5492 0 0
32.2 -14.5492 0 1
27.3 -15.7617 0 0
30.1 -15.7617 0 1
65.1 8.48705 0 0
67.9 8.48705 0 1
63 7.27461 0 0
65.8 7.27461 0 1
60.9 6.06218 0 0
63.7 6.06218 0 1
58.8 4.84974 0 0
61.6 4.84974 0 1
56.7 3.63731 0 0
59.5 3.63731 0 1
54.6 2.42487 0 0
57.4 2.42487 0 1
52.5 1.21244 0 0
55.3 1.21244 0 1
50.4 0 0 0
53.2 0 0 1
48.3 -1.21244 0 0
51.1 -1.21244 0 1
46.2 -2.42487 0 0
49 -2.42487 0 1
44.1 -3.63731 0 0
46.9 -3.63731 0 1
42 -4.84974 0 0
44.8 -4.84974 0 1
39.9 -6.06218 0 0
42.7 -6.06218 0 1
37.8 -7.27461 0 0
40.6 -7.27461 0 1
35.7 -8.48705 0 0
38.5 -8.48705 0 1
33.6 -9.69948 0 0
36.4 -9.69948 0 1
31.5 -10.9119 0 0
34.3 -10.9119 0 1
29.4 -12.1244 0 0
32.2 -12.1244 0 1
27.3 -13.3368 0 0
30.1 -13.3368 0 1
25.2 -14.5492 0 0
28 -14.5492 0 1
63 9.69948 0 0
65.8 9.69948 0 1
60.9 8.48705 0 0
63.7 8.48705 0 1
58.8 7.27461 0 0
61.6 7.27461 0 1
56.7 6.06218 0 0
59.5 6.06218 0 1
54.6 4.84974 0 0
57.4 4.84974 0 1
52.5 3.63731 0 0
55.3 3.63731 0 1
50.4 2.42487 0 0
53.2 2.42487 0 1
48.3 1.21244 0 0
51.1 1.21244 0 1
46.2 0 0 0
49 0 0 1
44.1 -1.21244 0 0
46.9 -1.21244 0 1
42 -2.42487 0 0
44.8 -2.42487 0 1
39.9 -3.63731 0 0
42.7 -3.63731 0 1
37.8 -4.84974 0 0
40.6 -4.84974 0 1
35.7 -6.06218 0 0
38.5 -6.06218 0 1
33.6 -7.27461 0 0
36.4 -7.27461 0 1
31.5 -8.48705 0 0
34.3 -8.48705 0 1
29.4 -9.69948 0 0
32.2 -9.69948 0 1
27.3 -10.9119 0 0
30.1 -10.9119 0 1
25.2 -12.1244 0 0
28 -12.1244 0 1
23.1 -13.3368 0 0
25.9 -13.3368 0 1
60.9 10.9119 0 0
63.7 10.9119 0 1
58.8 9.69948 0 0
61.6 9.69948 0 1
56.7 8.48705 0 0
59.5 8.48705 0 1
54.6 7.27461 0 0
57.4 7.27461 0 1
52.5 6.06218 0 0
55.3 6.06218 0 1
50.4 4.84974 0 0
53.2 4.84974 0 1
48.3 3.63731 0 0
51.1 3.63731 0 1
46.2 2.42487 0 0
49 2.42487 0 1
44.1 1.21244 0 0
46.9 1.21244 0 1
42 0 0 0
44.8 0 0 1
39.9 -1.21244 0 0
42.7 -1.21244 0 1
37.8 -2.42487 0 0
40.6 -2.42487 0 1
35.7 -3.63731 0 0
38.5 -3.63731 0 1
33.6 -4.84974 0 0
36.4 -4.84974 0 1
31.5 -6.06218 0 0
34.3 -6.06218 0 1
29.4 -7.27461 0 0
32.2 -7.27461 0 1
27.3 -8.48705 0 0
30.1 -8.48705 0 1
25.2 -9.69948 0 0
28 -9.69948 0 1
23.1 -10.9119 0 0
25.9 -10.9119 0 1
21 -12.1244 0 0
23.8 -12.1244 0 1
58.8 12.1244 0 0
61.6 12.1244 0 1
56.7 10.9119 0 0
59.5 10.9119 0 1
54.6 9.69948 0 0
57.4 9.69948 0 1
52.5 8.48705 0 0
55.3 8.48705 0 1
50.4 7.27461 0 0
53.2 7.27461 0 1
48.3 6.06218 0 0
51.1 6.06218 0 1
46.2 4.84974 0 0
49 4.84974 0 1
44.1 3.63731 0 0
46.9 3.63731 0 1
42 2.42487 0 0
44.8 2.42487 0 1
39.9 1.21244 0 0
42.7 1.21244 0 1
37.8 0 0 0
40.6 0 0 1
35.7 -1.21244 0 0
38.5 -1.21244 0 1
33.6 -2.42487 0 0
36.4 -2.42487 0 1
31.5 -3.63731 0 0
34.3 -3.63731 0 1
29.4 -4.84974 0 0
32.2 -4.84974 0 1
27.3 -6.06218 0 0
30.1 -6.06218 0 1
25.2 -7.27461 0 0
28 -7.27461 0 1
23.1 -8.48705 0 0
25.9 -8.48705 0 1
21 -9.69948 0 0
23.8 -9.69948 0 1
18.9 -10.9119 0 0
21.7 -10.9119 0 1
56.7 13.3368 0 0
59.5 13.3368 0 1
54.6 12.1244 0 0
57.4 12.1244 0 1
52.5 10.9119 0 0
55.3 10.9119 0 1
50.4 9.69948 0 0
53.2 9.69948 0 1
48.3 8.48705 0 0
51.1 8.48705 0 1
46.2 7.27461 0 0
49 7.27461 0 1
44.1 6.06218 0 0
46.9 6.06218 0 1
42 4.84974 0 0
44.8 4.84974 0 1
39.9 3.63731 0 0
42.7 3.63731 0 1
37.8 2.42487 0 0
40.6 2.42487 0 1
35.7 1.21244 0 0
38.5 1.21244 0 1
33.6 0 0 0
36.4 0 0 1
31.5 -1.21244 0 0
34.3 -1.21244 0 1
29.4 -2.42487 0 0
32.2 -2.42487 0 1
27.3 -3.63731 0 0
30.1 -3.63731 0 1
25.2 -4.84974 0 0
28 -4.84974 0 1
23.1 -6.06218 0 0
25.9 -6.06218 0 1
21 -7.27461 0 0
23.8 -7.27461 0 1
18.9 -8.48705 0 0
21.7 -8.48705 0 1
16.8 -9.69948 0 0
19.6 -9.69948 0 1
54.6 14.5492 0 0
57.4 14.5492 0 1
52.5 13.3368 0 0
55.3 13.3368 0 1
50.4 12.1244 0 0
53.2 12.1244 0 1
48.3 10.9119 0 0
51.1 10.9119 0 1
46.2 9.69948 0 0
49 9.69948 0 1
44.1 8.48705 0 0
46.9 8.48705 0 1
42 7.27461 0 0
44.8 7.27461 0 1
39.9 6.06218 0 0
42.7 6.06218 0 1
37.8 4.84974 0 0
40.6 4.84974 0 1
35.7 3.63731 0 0
38.5 3.63731 0 1
33.6 2.42487 0 0
36.4 2.42487 0 1
31.5 1.21244 0 0
34.3 1.21244 0 1
29.4 0 0 0
32.2 0 0 1
27.3 -1.21244 0 0
30.1 -1.21244 0 1
25.2 -2.42487 0 0
28 -2.42487 0 1
23.1 -3.63731 0 0
25.9 -3.63731 0 1
21 -4.84974 0 0
23.8 -4.84974 0 1
18.9 -6.06218 0 0
21.7 -6.06218 0 1
16.8 -7.27461 0 0
19.6 -7.27461 0 1
14.7 -8.48705 0 0
17.5 -8.48705 0 1
52.5 15.7617 0 0
55.3 15.7617 0 1
50.4 14.5492 0 0
53.2 14.5492 0 1
48.3 13.3368 0 0
51.1 13.3368 0 1
46.2 12.1244 0 0
49 12.1244 0 1
44.1 10.9119 0 0
46.9 10.9119 0 1
42 9.69948 0 0
44.8 9.69948 0 1
39.9 8.48705 0 0
42.7 8.48705 0 1
37.8 7.27461 0 0
40.6 7.27461 0 1
35.7 6.06218 0 0
38.5 6.06218 0 1
33.6 4.84974 0 0
36.4 4.84974 0 1
31.5 3.63731 0 0
34.3 3.63731 0 1
29.4 2.42487 0 0
32.2 2.42487 0 1
27.3 1.21244 0 0
30.1 1.21244 0 1
25.2 0 0 0
28 0 0 1
23.1 -1.21244 0 0
25.9 -1.21244 0 1
21 -2.42487 0 0
23.8 -2.42487 0 1
18.9 -3.63731 0 0
21.7 -3.63731 0 1
16.8 -4.84974 0 0
19.6 -4.84974 0 1
14.7 -6.06218 0 0
17.5 -6.06218 0 1
12.6 -7.27461 0 0
15.4 -7.27461 0 1
50.4 16.9741 0 0
53.2 16.9741 0 1
48.3 15.7617 0 0
51.1 15.7617 0 1
46.2 14.5492 0 0
49 14.5492 0 1
44.1 13.3368 0 0
46.9 13.3368 0 1
42 12.1244 0 0
44.8 12.1244 0 1
39.9 10.9119 0 0
42.7 10.9119 0 1
37.8 9.69948 0 0
40.6 9.69948 0 1
35.7 8.48705 0 0
38.5 8.48705 0 1
33.6 7.27461 0 0
36.4 7.27461 0 1
31.5 6.06218 0 0
34.3 6.06218 0 1
29.4 4.84974 0 0
32.2 4.84974 0 1
27.3 3.63731 0 0
30.1 3.63731 0 1
25.2 2.42487 0 0
28 2.42487 0 1
23.1 1.21244 0 0
25.9 1.21244 0 1
21 0 0 0
23.8 0 0 1
18.9 -1.21244 0 0
21.7 -1.21244 0 1
16.8 -2.42487 0 0
19.6 -2.42487 0 1
14.7 -3.63731 0 0
17.5 -3.63731 0 1
12.6 -4.84974 0 0
15.4 -4.84974 0 1
10.5 -6.06218 0 0
13.3 -6.06218 0 1
48.3 18.1865 0 0
51.1 18.1865 0 1
46.2 16.9741 0 0
49 16.9741 0 1
44.1 15.7617 0 0
46.9 15.7617 0 1
42 14.5492 0 0
44.8 14.5492 0 1
39.9 13.3368 0 0
42.7 13.3368 0 1
37.8 12.1244 0 0
40.6 12.1244 0 1
35.7 10.9119 0 0
38.5 10.9119 0 1
33.6 9.69948 0 0
36.4 9.69948 0 1
31.5 8.48705 0 0
34.3 8.48705 0 1
29.4 7.27461 0 0
32.2 7.27461 0 1
27.3 6.06218 0 0
30.1 6.06218 0 1
25.2 4.84974 0 0
28 4.84974 0 1
23.1 3.63731 0 0
25.9 3.63731 0 1
21 2.42487 0 0
23.8 2.42487 0 1
18.9 1.21244 0 0
21.7 1.21244 0 1
16.8 0 0 0
19.6 0 0 1
14.7 -1.21244 0 0
17.5 -1.21244 0 1
12.6 -2.42487 0 0
15.4 -2.42487 0 1
10.5 -3.63731 0 0
13.3 -3.63731 0 1
8.4 -4.84974 0 0
11.2 -4.84974 0 1
46.2 19.399 0 0
49 19.399 0 1
44.1 18.1865 0 0
46.9 18.1865 0 1
42 16.9741 0 0
44.8 16.9741 0 1
39.9 15.7617 0 0
42.7 15.7617 0 1
37.8 14.5492 0 0
40.6 14.5492 0 1
35.7 13.3368 0 0
38.5 13.3368 0 1
33.6 12.1244 0 0
36.4 12.1244 0 1
31.5 10.9119 0 0
34.3 10.9119 0 1
29.4 9.69948 0 0
32.2 9.69948 0 1
27.3 8.48705 0 0
30.1 8.48705 0 1
25.2 7.27461 0 0
28 7.27461 0 1
23.1 6.06218 0 0
25.9 6.06218 0 1
21 4.84974 0 0
23.8 4.84974 0 1
18.9 3.63731 0 0
21.7 3.63731 0 1
16.8 2.42487 0 0
19.6 2.42487 0 1
14.7 1.21244 0 0
17.5 1.21244 0 1
12.6 0 0 0
15.4 0 0 1
10.5 -1.21244 0 0
13.3 -1.21244 0 1
8.4 -2.42487 0 0
11.2 -2.42487 0 1
6.3 -3.63731 0 0
9.1 -3.63731 0 1
44.1 20.6114 0 0
46.9 20.6114 0 1
42 19.399 0 0
44.8 19.399 0 1
39.9 18.1865 0 0
42.7 18.1865 0 1
37.8 16.9741 0 0
40.6 16.9741 0 1
35.7 15.7617 0 0
38.5 15.7617 0 1
33.6 14.5492 0 0
36.4 14.5492 0 1
31.5 13.3368 0 0
34.3 13.3368 0 1
29.4 12.1244 0 0
32.2 12.1244 0 1
27.3 10.9119 0 0
30.1 10.9119 0 1
25.2 9.69948 0 0
28 9.69948 0 1
23.1 8.48705 0 0
25.9 8.48705 0 1
21 7.27461 0 0
23.8 7.27461 0 1
18.9 6.06218 0 0
21.7 6.06218 0 1
16.8 4.84974 0 0
19.6 4.84974 0 1
14.7 3.63731 0 0
17.5 3.63731 0 1
12.6 2.42487 0 0
15.4 2.42487 0 1
10.5 1.21244 0 0
13.3 1.21244 0 1
8.4 0 0 0
11.2 0 0 1
6.3 -1.21244 0 0
9.1 -1.21244 0 1
4.2 -2.42487 0 0
7 -2.42487 0 1
42 21.8238 0 0
44.8 21.8238 0 1
39.9 20.6114 0 0
42.7 20.6114 0 1
37.8 19.399 0 0
40.6 19.399 0 1
35.7 18.1865 0 0
38.5 18.1865 0 1
33.6 16.9741 0 0
36.4 16.9741 0 1
31.5 15.7617 0 0
34.3 15.7617 0 1
29.4 14.5492 0 0
32.2 14.5492 0 1
27.3 13.3368 0 0
30.1 13.3368 0 1
25.2 12.1244 0 0
28 12.1244 0 1
23.1 10.9119 0 0
25.9 10.9119 0 1
21 9.69948 0 0
23.8 9.69948 0 1
18.9 8.48705 0 0
21.7 8.48705 0 1
16.8 7.27461 0 0
19.6 7.27461 0 1
14.7 6.06218 0 0
17.5 6.06218 0 1
12.6 4.84974 0 0
15.4 4.84974 0 1
10.5 3.63731 0 0
13.3 3.63731 0 1
8.4 2.42487 0 0
11.2 2.42487 0 1
6.3 1.21244 0 0
9.1 1.21244 0 1
4.2 0 0 0
7 0 0 1
2.1 -1.21244 0 0
4.9 -1.21244 0 1
39.9 23.0363 0 0
42.7 23.0363 0 1
37.8 21.8238 0 0
40.6 21.8238 0 1
35.7 20.6114 0 0
38.5 20.6114 0 1
33.6 19.399 0 0
36.4 19.399 0 1
31.5 18.1865 0 0
34.3 18.1865 0 1
29.4 16.9741 0 0
32.2 16.9741 0 1
27.3 15.7617 0 0
30.1 15.7617 0 1
25.2 14.5492 0 0
28 14.5492 0 1
23.1 13.3368 0 0
25.9 13.3368 0 1
21 12.1244 0 0
23.8 12.1244 0 1
18.9 10.9119 0 0
21.7 10.9119 0 1
16.8 9.69948 0 0
19.6 9.69948 0 1
14.7 8.48705 0 0
17.5 8.48705 0 1
12.6 7.27461 0 0
15.4 7.27461 0 1
10.5 6.06218 0 0
13.3 6.06218 0 1
8.4 4.84974 0 0
11.2 4.84974 0 1
6.3 3.63731 0 0
9.1 3.63731 0 1
4.2 2.42487 0 0
7 2.42487 0 1
2.1 1.21244 0 0
4.9 1.21244 0 1
0 0 0 0
2.8 0 0 1
35.9617 -0.677491 3.99156 0
35.9786 0.770754 3.91242 1
35.9971 1.12855 2.50586 2
35.9676 -0.0946166 1.72592 3
35.9763 -1.22583 2.64874 4
37.1837 -1.15156 4.59673 5
37.8625 0.00944002 5.1003 6
37.2088 1.16587 4.55438 7
37.9108 1.97128 3.59123 8
37.2554 1.81158 2.32634 9
37.9409 1.10819 1.27589 10
37.2347 -0.115408 1.03766 11
37.91 -1.34605 1.33782 12
37.179 -1.9861 2.39699 13
37.8496 -2.03194 3.67818 14
39.2803 -0.152755 5.09059 15
39.324 1.85715 3.75946 16
39.3559 1.21025 1.43283 17
39.3275 -1.20086 1.35036 18
39.2657 -2.05445 3.61407 19
39.9395 -1.33475 4.65886 20
39.9587 1.06813 4.75266 21
39.9974 1.90555 2.48961 22
40 0 1 23
39.9537 -1.98356 2.37584 24
41.3582 -1.40717 4.61062 25
41.3766 0.966763 4.81533 26
41.4166 1.90163 2.61687 27
41.4224 0.0754451 1.0635 28
41.3729 -2.00043 2.31167 29
42.0708 -2.06388 3.56534 30
42.0562 -0.253521 5.10332 31
42.0813 1.78883 3.8724 32
42.0976 1.2346 1.54441 33
42.0603 -1.16439 1.39295 34
43.4856 -2.06323 3.52763 35
43.4731 -0.307255 5.10632 36
43.4995 1.74959 3.9296 37
43.5188 1.23927 1.60504 38
43.48 -1.16371 1.35815 39
44.2225 -1.94265 2.30759 40
44.1925 -1.43912 4.60878 41
44.189 0.911792 4.86169 42
44.2087 1.86774 2.68866 43
44.1727 0.057159 1.13008 44
45.6338 -1.92428 2.30767 45
45.6076 -1.45256 4.61025 46
45.6058 0.89094 4.88243 47
45.6294 1.83839 2.70964 48
45.5915 0.0613078 1.09166 49
46.3966 -1.08494 1.42687 50
46.3588 -2.04479 3.54168 51
46.3261 -0.323958 5.12782 52
46.3243 1.71823 3.95589 53
46.3053 1.16024 1.64581 54
